

 Enter MINRES-QLP.      Solution of Hermitian   Ax = b
 n        =    230      checkA   =   T          precon   =   F
 itnlim   =    920      rtol     =   2.22E-16   shift    =   0.00000000000000E+00
 maxxnorm =   1.00E+07  Acondlim =   1.00E+15   trancond =   1.00E+07


    iter         x(1)                           xnorm     rnorm     Arnorm   Compatible   LS      norm(A)   cond(A)
       0   0.0000000000E+00   0.0000000000E+00  0.00E+00  6.13E-02  5.30E-02  1.00E+00  1.00E+00  0.00E+00  1.00E+00  
       1   0.0000000000E+00   0.0000000000E+00  7.08E-02  8.79E-08  1.19E-12  7.17E-07  1.57E-05  8.65E-01  1.00E+00  
       2   3.2945811027E-08  -3.9725243005E-09  7.09E-02  8.42E-08  2.04E-08  6.87E-07  2.80E-01  8.65E-01  6.39E+04  
       3   3.0804317847E-07  -3.7143018163E-08  7.29E-02  4.36E-08  5.39E-14  3.51E-07  1.43E-06  8.65E-01  1.85E+05  
       4   1.4594856749E-06  -1.3838514798E-07  8.28E-02  2.89E-08  4.53E-12  2.18E-07  1.81E-04  8.65E-01  8.13E+05  
       5   1.4595452839E-06  -1.3838571039E-07  8.28E-02  2.89E-08  9.53E-11  2.18E-07  3.81E-03  8.65E-01  1.85E+05  
       6   4.1116742438E-06  -1.6110226120E-07  1.10E-01  1.63E-08  2.28E-14  1.04E-07  1.61E-06  8.65E-01  1.65E+06  
       7   5.9690778790E-06   6.1439686382E-08  1.24E-01  9.81E-09  1.82E-10  5.81E-08  2.14E-02  8.65E-01  1.41E+06  
       8   5.9695659108E-06   6.1498514171E-08  1.24E-01  9.80E-09  2.25E-13  5.81E-08  2.66E-05  8.65E-01  1.65E+06  
       9   8.0760708160E-06   6.2764793771E-07  1.32E-01  6.90E-09  9.74E-15  3.93E-08  1.63E-06  8.65E-01  1.76E+06  

      10   8.4960438443E-06   7.6693566071E-07  1.33E-01  6.67E-09  1.41E-09  3.78E-08  2.44E-01  8.65E-01  1.65E+06  
      20   3.6743438361E-05   1.1391987565E-05  1.70E-01  2.08E-09  1.26E-15  9.98E-09  6.99E-07  8.65E-01  1.28E+07 P
      30   8.4874290743E-05   2.4850585434E-05  2.10E-01  8.00E-10  1.46E-15  3.30E-09  2.11E-06  8.65E-01  2.00E+07  
      40   1.6154025485E-04   2.1711123984E-05  2.25E-01  2.53E-10  1.53E-12  9.87E-10  7.02E-03  8.65E-01  2.84E+07  
      50   2.3329499394E-04   1.0024582762E-05  2.29E-01  6.13E-11  2.66E-12  2.37E-10  5.02E-02  8.65E-01  2.84E+07  
      60   2.7853631748E-04  -3.4532549650E-07  2.29E-01  4.75E-11  4.35E-14  1.83E-10  1.06E-03  8.65E-01  2.84E+07  
      70   3.5163072881E-04  -1.7819354828E-05  2.29E-01  3.82E-11  1.75E-15  1.47E-10  5.29E-05  8.65E-01  3.81E+07  
      80   4.4806987131E-04  -4.2940341261E-05  2.29E-01  3.74E-11  5.28E-16  1.44E-10  1.63E-05  8.65E-01  5.67E+08  
      90   5.4981979817E-03  -1.3841739552E-03  2.76E-01  2.91E-11  1.42E-16  9.69E-11  5.64E-06  8.65E-01  8.69E+08  
     100   5.5920477901E-03  -1.4886971013E-03  2.78E-01  2.89E-11  2.70E-18  9.59E-11  1.08E-07  8.65E-01  8.69E+08  
     110   5.6002456872E-03  -1.4987320132E-03  2.78E-01  2.89E-11  3.19E-19  9.58E-11  1.27E-08  8.65E-01  8.69E+08  
     120   5.6522942527E-03  -8.1359889709E-04  2.76E-01  2.87E-11  3.43E-18  9.58E-11  1.38E-07  8.65E-01  9.73E+08  
     130   6.4416981396E-03   8.0024073849E-03  2.63E-01  2.58E-11  8.93E-13  8.92E-11  4.00E-02  8.65E-01  1.79E+09  
     140   7.2394341983E-03   1.6856655181E-02  2.85E-01  2.25E-11  5.77E-15  7.29E-11  2.97E-04  8.65E-01  3.44E+09  
     150   7.2829170698E-03   1.7402734732E-02  2.88E-01  2.22E-11  1.46E-18  7.18E-11  7.56E-08  8.65E-01  3.44E+09  
     160   7.3059181611E-03   1.7790796281E-02  2.89E-01  2.21E-11  9.12E-18  7.09E-11  4.77E-07  8.65E-01  3.44E+09  
     170   6.7101678751E-03   1.9290599272E-02  2.89E-01  2.13E-11  8.20E-13  6.84E-11  4.45E-02  8.65E-01  3.44E+09  
     180   6.6661487771E-03   1.9369382192E-02  2.89E-01  2.12E-11  9.79E-18  6.82E-11  5.33E-07  8.65E-01  3.44E+09  
     190   6.6947767540E-03   1.9373942385E-02  2.89E-01  2.12E-11  6.47E-19  6.81E-11  3.52E-08  8.65E-01  3.44E+09  
     200   7.0149040246E-03   1.9480936819E-02  2.90E-01  2.12E-11  3.81E-18  6.77E-11  2.08E-07  8.65E-01  3.44E+09  
     210   8.8648826043E-03   2.0140420722E-02  2.96E-01  2.06E-11  2.63E-13  6.49E-11  1.47E-02  8.65E-01  3.44E+09  
     220   1.2326941044E-02   2.1403300886E-02  3.15E-01  1.96E-11  6.42E-18  5.87E-11  3.79E-07  8.65E-01  3.92E+09  
     230   1.2736608473E-02   2.1552551274E-02  3.17E-01  1.95E-11  2.87E-19  5.80E-11  1.70E-08  8.65E-01  3.92E+09  
     240   1.2795683032E-02   2.1572426129E-02  3.17E-01  1.95E-11  5.57E-15  5.79E-11  3.31E-04  8.65E-01  3.92E+09  
     250   1.4501613170E-02   2.2114843912E-02  3.14E-01  1.91E-11  4.02E-14  5.74E-11  2.43E-03  8.65E-01  8.66E+09  
     260   1.5125959188E-02   2.2314446602E-02  3.14E-01  1.90E-11  4.75E-18  5.71E-11  2.88E-07  8.65E-01  8.66E+09  
     270   1.5130757612E-02   2.2313837986E-02  3.14E-01  1.90E-11  4.48E-19  5.71E-11  2.72E-08  8.65E-01  8.66E+09  
     280   1.5305320338E-02   2.2304255386E-02  3.15E-01  1.90E-11  3.68E-18  5.69E-11  2.24E-07  8.65E-01  8.66E+09  
     290   1.7151510100E-02   2.2258321360E-02  3.28E-01  1.85E-11  1.49E-18  5.37E-11  9.31E-08  8.65E-01  8.66E+09  
     300   1.7317474869E-02   2.2268686076E-02  3.29E-01  1.85E-11  2.46E-17  5.34E-11  1.54E-06  8.65E-01  8.66E+09  
     310   1.7436264347E-02   2.2312213630E-02  3.30E-01  1.85E-11  2.14E-15  5.33E-11  1.34E-04  8.65E-01  8.66E+09  
     320   1.7590106377E-02   2.2402086186E-02  3.30E-01  1.85E-11  1.28E-13  5.33E-11  7.99E-03  8.65E-01  8.66E+09  
     330   2.1053621329E-02   2.4690081759E-02  3.27E-01  1.81E-11  6.22E-15  5.26E-11  3.97E-04  8.65E-01  8.66E+09  
     340   2.1360776685E-02   2.4914507361E-02  3.28E-01  1.81E-11  4.59E-17  5.25E-11  2.93E-06  8.65E-01  8.66E+09  
     350   2.1397468158E-02   2.4941724859E-02  3.28E-01  1.81E-11  1.41E-19  5.25E-11  9.01E-09  8.65E-01  8.66E+09  
     360   2.1440340218E-02   2.4883697536E-02  3.28E-01  1.81E-11  9.78E-19  5.24E-11  6.25E-08  8.65E-01  8.66E+09  
     370   2.2204264490E-02   2.4316318506E-02  3.35E-01  1.79E-11  1.04E-18  5.10E-11  6.68E-08  8.65E-01  8.66E+09  
     380   2.2386700086E-02   2.4201066772E-02  3.37E-01  1.79E-11  1.63E-18  5.07E-11  1.06E-07  8.65E-01  8.66E+09  
     390   2.2513857972E-02   2.4276497910E-02  3.37E-01  1.78E-11  1.03E-17  5.06E-11  6.70E-07  8.65E-01  8.66E+09  
     400   2.3840587304E-02   2.5367140419E-02  3.38E-01  1.77E-11  5.01E-15  5.00E-11  3.27E-04  8.65E-01  8.66E+09  
     410   2.5568890034E-02   2.6818256121E-02  3.40E-01  1.75E-11  3.45E-13  4.93E-11  2.28E-02  8.65E-01  8.66E+09  
     420   3.0170935703E-02   3.0762476122E-02  3.49E-01  1.70E-11  2.89E-15  4.69E-11  1.96E-04  8.65E-01  8.66E+09  
     430   3.0257121460E-02   3.1000988370E-02  3.49E-01  1.70E-11  3.94E-17  4.68E-11  2.68E-06  8.65E-01  8.66E+09  
     440   3.0339046515E-02   3.1294910097E-02  3.49E-01  1.70E-11  2.66E-19  4.68E-11  1.81E-08  8.65E-01  8.66E+09  
     450   3.0453133964E-02   3.1776588661E-02  3.49E-01  1.70E-11  1.31E-19  4.67E-11  8.92E-09  8.65E-01  8.66E+09  
     460   3.0483050132E-02   3.1956000724E-02  3.49E-01  1.70E-11  1.71E-18  4.67E-11  1.17E-07  8.65E-01  8.66E+09  
     470   3.0537472388E-02   3.1963954883E-02  3.50E-01  1.70E-11  4.49E-14  4.67E-11  3.06E-03  8.65E-01  8.66E+09  
     480   3.1561030968E-02   3.2462189935E-02  3.52E-01  1.69E-11  1.30E-17  4.62E-11  8.92E-07  8.65E-01  8.66E+09  
     490   3.6295546802E-02   3.4844468618E-02  3.63E-01  1.64E-11  5.72E-19  4.38E-11  4.02E-08  8.65E-01  8.66E+09  
     500   3.7574654591E-02   3.5573923437E-02  3.67E-01  1.63E-11  1.32E-16  4.31E-11  9.33E-06  8.65E-01  8.66E+09  
     510   3.8207245235E-02   3.6304943145E-02  3.69E-01  1.63E-11  8.89E-14  4.27E-11  6.32E-03  8.65E-01  8.66E+09  
     520   4.0300353326E-02   3.8921297708E-02  3.76E-01  1.60E-11  4.11E-18  4.14E-11  2.97E-07  8.65E-01  8.66E+09  
     530   4.2047468708E-02   4.1178611186E-02  3.83E-01  1.58E-11  1.66E-18  4.02E-11  1.21E-07  8.65E-01  8.66E+09  
     540   4.2282033167E-02   4.1543138567E-02  3.85E-01  1.58E-11  2.73E-18  4.01E-11  2.00E-07  8.65E-01  8.66E+09  
     550   4.2290454793E-02   4.1569874420E-02  3.85E-01  1.58E-11  3.11E-16  4.00E-11  2.27E-05  8.65E-01  8.66E+09  
     560   4.2720298867E-02   4.1512866092E-02  3.85E-01  1.58E-11  1.66E-14  4.00E-11  1.22E-03  8.65E-01  8.66E+09  
     570   4.3611842216E-02   4.1433739771E-02  3.86E-01  1.57E-11  3.05E-16  3.98E-11  2.24E-05  8.65E-01  8.66E+09  
     580   4.3710749274E-02   4.1469727667E-02  3.86E-01  1.57E-11  1.03E-18  3.98E-11  7.57E-08  8.65E-01  8.66E+09  
     590   4.4383940792E-02   4.1866787857E-02  3.88E-01  1.57E-11  3.18E-19  3.95E-11  2.34E-08  8.65E-01  8.66E+09  
     600   4.9130860411E-02   4.5077920103E-02  4.01E-01  1.53E-11  3.89E-18  3.74E-11  2.94E-07  8.65E-01  8.66E+09  
     610   5.3746797030E-02   4.8250816522E-02  4.15E-01  1.49E-11  1.56E-15  3.54E-11  1.21E-04  8.65E-01  8.66E+09  
     620   5.4343528120E-02   4.8684399751E-02  4.17E-01  1.48E-11  2.11E-14  3.52E-11  1.64E-03  8.65E-01  8.66E+09  
     630   5.4505260691E-02   4.8935805120E-02  4.18E-01  1.48E-11  6.82E-18  3.51E-11  5.31E-07  8.65E-01  8.66E+09  
     640   5.4669905068E-02   4.9323050082E-02  4.19E-01  1.48E-11  5.64E-19  3.49E-11  4.41E-08  8.65E-01  8.66E+09  
     650   5.4791275545E-02   4.9670164249E-02  4.20E-01  1.48E-11  2.22E-18  3.48E-11  1.74E-07  8.65E-01  8.66E+09  
     660   5.4819860801E-02   4.9689810339E-02  4.20E-01  1.48E-11  7.96E-15  3.48E-11  6.23E-04  8.65E-01  8.66E+09  
     670   5.6303306115E-02   5.0646165470E-02  4.24E-01  1.47E-11  1.14E-13  3.43E-11  8.98E-03  8.65E-01  8.66E+09  
     680   6.0461190491E-02   5.3372518563E-02  4.36E-01  1.44E-11  8.14E-17  3.28E-11  6.54E-06  8.65E-01  8.66E+09  
     690   6.1574860051E-02   5.4121543505E-02  4.40E-01  1.43E-11  1.74E-19  3.24E-11  1.40E-08  8.65E-01  8.66E+09  
     700   6.1972466518E-02   5.4435715977E-02  4.41E-01  1.43E-11  3.21E-19  3.22E-11  2.60E-08  8.65E-01  8.66E+09  
     710   6.3191466249E-02   5.5619508301E-02  4.45E-01  1.42E-11  6.85E-18  3.17E-11  5.59E-07  8.65E-01  8.66E+09  
     720   6.4812878613E-02   5.7211939974E-02  4.51E-01  1.40E-11  2.13E-16  3.11E-11  1.76E-05  8.65E-01  8.66E+09  
     730   6.5048599221E-02   5.7464801671E-02  4.51E-01  1.40E-11  9.13E-15  3.10E-11  7.53E-04  8.65E-01  8.66E+09  
     740   6.5088860324E-02   5.7490588085E-02  4.52E-01  1.40E-11  7.04E-15  3.10E-11  5.80E-04  8.65E-01  8.66E+09  
     750   6.6021643710E-02   5.8094777236E-02  4.55E-01  1.40E-11  5.00E-16  3.07E-11  4.14E-05  8.65E-01  8.66E+09  
     760   6.6833462292E-02   5.8627355083E-02  4.58E-01  1.39E-11  3.47E-18  3.04E-11  2.88E-07  8.65E-01  8.66E+09  
     770   6.7021289051E-02   5.8761902622E-02  4.58E-01  1.39E-11  8.39E-20  3.04E-11  6.97E-09  8.65E-01  8.66E+09  
     780   6.7677740515E-02   5.9307104693E-02  4.60E-01  1.39E-11  9.60E-19  3.02E-11  7.99E-08  8.65E-01  8.66E+09  
     790   7.1783898921E-02   6.2768500983E-02  4.73E-01  1.36E-11  1.92E-17  2.89E-11  1.63E-06  8.65E-01  8.66E+09  
     800   7.3232146790E-02   6.3992164983E-02  4.78E-01  1.35E-11  6.23E-17  2.85E-11  5.32E-06  8.65E-01  8.66E+09  
     810   7.3355337583E-02   6.4095683453E-02  4.79E-01  1.35E-11  1.58E-15  2.85E-11  1.35E-04  8.65E-01  8.66E+09  
     820   7.3448658022E-02   6.4167312082E-02  4.78E-01  1.35E-11  2.37E-14  2.85E-11  2.02E-03  8.65E-01  8.66E+09  
     830   7.3495129813E-02   6.4200616500E-02  4.78E-01  1.35E-11  3.12E-14  2.85E-11  2.67E-03  8.65E-01  8.66E+09  
     840   7.3512988462E-02   6.4211293177E-02  4.78E-01  1.35E-11  3.40E-16  2.85E-11  2.90E-05  8.65E-01  8.66E+09  
     850   7.3581591541E-02   6.4279423161E-02  4.78E-01  1.35E-11  1.88E-15  2.84E-11  1.61E-04  8.65E-01  8.66E+09  
     860   7.3887231877E-02   6.4575274675E-02  4.80E-01  1.35E-11  1.52E-16  2.83E-11  1.30E-05  8.65E-01  8.66E+09  
     870   7.7033579026E-02   6.7601629526E-02  4.94E-01  1.33E-11  5.47E-17  2.73E-11  4.74E-06  8.65E-01  8.66E+09  
     880   7.7396898554E-02   6.7947774351E-02  4.96E-01  1.33E-11  8.79E-19  2.72E-11  7.63E-08  8.65E-01  8.66E+09  
     890   7.8544805511E-02   6.8843342362E-02  4.98E-01  1.33E-11  8.27E-18  2.70E-11  7.20E-07  8.65E-01  8.66E+09  
     900   8.0785369686E-02   7.0566307104E-02  5.02E-01  1.32E-11  4.67E-18  2.66E-11  4.10E-07  8.65E-01  8.66E+09  
     909   8.2519435123E-02   7.1880082304E-02  5.05E-01  1.31E-11  4.03E-17  2.63E-11  3.55E-06  8.65E-01  9.52E+09  

     910   8.2639361078E-02   7.1968259247E-02  5.05E-01  1.31E-11  1.67E-18  2.63E-11  1.47E-07  8.65E-01  8.66E+09  
     911   8.2644633808E-02   7.1972116530E-02  5.05E-01  1.31E-11  6.31E-14  2.63E-11  5.57E-03  8.65E-01  9.52E+09  
     912   8.2799745983E-02   7.2085589353E-02  5.05E-01  1.31E-11  3.30E-19  2.63E-11  2.91E-08  8.65E-01  8.66E+09  
     913   8.2895925943E-02   7.2155418498E-02  5.06E-01  1.31E-11  1.53E-15  2.62E-11  1.35E-04  8.65E-01  9.52E+09  
     914   8.2895929004E-02   7.2155420719E-02  5.06E-01  1.31E-11  7.59E-18  2.62E-11  6.70E-07  8.65E-01  8.66E+09  
     915   8.2911173457E-02   7.2165988683E-02  5.06E-01  1.31E-11  1.25E-18  2.62E-11  1.11E-07  8.65E-01  9.52E+09  
     916   8.2911190354E-02   7.2165999051E-02  5.06E-01  1.31E-11  3.42E-15  2.62E-11  3.02E-04  8.65E-01  8.66E+09  
     917   8.2913720509E-02   7.2167551438E-02  5.06E-01  1.31E-11  1.51E-19  2.62E-11  1.33E-08  8.65E-01  9.52E+09  
     918   8.2923316242E-02   7.2172924574E-02  5.06E-01  1.31E-11  5.55E-16  2.62E-11  4.90E-05  8.65E-01  8.66E+09  
     919   8.2923316724E-02   7.2172924843E-02  5.06E-01  1.31E-11  8.12E-18  2.62E-11  7.17E-07  8.65E-01  9.52E+09  

     920   8.2936070077E-02   7.2179314062E-02  5.06E-01  1.31E-11  3.71E-11  2.62E-11  3.28E+00  8.65E-01  8.66E+09  

 Exit  MINRES-QLP.       istop =  8              itn    =     920
 Exit  MINRES-QLP.       Anorm =  8.6533E-01     Acond  =  8.6555E+09
 Exit  MINRES-QLP.       rnorm =  1.3087E-11     Arnorm =  3.7104E-11
 Exit  MINRES-QLP.       xnorm =  5.0556E-01
 Exit  MINRES-QLP.       The iteration limit was reached.                                 
