

 Enter MINRES-QLP.      Solution of Hermitian   Ax = b
 n        =     35      checkA   =   T          precon   =   F
 itnlim   =    140      rtol     =   2.22E-16   shift    =   0.00000000000000E+00
 maxxnorm =   1.00E+07  Acondlim =   1.00E+15   trancond =   1.00E+07


    iter         x(1)                           xnorm     rnorm     Arnorm   Compatible   LS      norm(A)   cond(A)
       0   0.0000000000E+00   0.0000000000E+00  0.00E+00  5.93E-02  2.50E-01  1.00E+00  1.00E+00  0.00E+00  1.00E+00  
       1   1.4889039650E-03   1.8410633239E-04  1.11E-02  3.63E-02  1.31E-01  3.43E-01  5.02E-01  4.23E+00  1.00E+00  
       2   3.3791516469E-03   9.2174406590E-04  2.13E-02  2.41E-02  6.01E-02  1.13E-01  3.48E-01  7.17E+00  3.02E+00  
       3   6.0939867476E-03   3.1659322473E-04  3.23E-02  1.55E-02  1.69E-02  5.32E-02  1.53E-01  7.17E+00  5.03E+00  
       4   8.5650906948E-03   5.1653676306E-04  4.68E-02  8.85E-03  1.53E-02  2.24E-02  2.40E-01  7.17E+00  1.05E+01  
       5   9.3355755277E-03   5.2824566052E-04  5.12E-02  6.99E-03  6.61E-03  1.64E-02  1.32E-01  7.17E+00  7.92E+00  
       6   9.7790246959E-03   5.1700471026E-04  5.64E-02  5.62E-03  2.88E-03  1.21E-02  7.15E-02  7.17E+00  1.45E+01  
       7   1.0967010395E-02   7.1603822666E-05  6.67E-02  4.09E-03  2.46E-03  7.61E-03  8.40E-02  7.17E+00  3.06E+01  
       8   1.1225179846E-02   3.1444544666E-04  7.74E-02  2.73E-03  2.45E-03  4.44E-03  1.25E-01  7.17E+00  3.64E+01  
       9   1.0926524126E-02   3.9956254507E-04  8.24E-02  2.06E-03  6.73E-04  3.16E-03  4.56E-02  7.17E+00  3.06E+01  

      10   1.0348732845E-02   2.0914466191E-04  8.54E-02  1.76E-03  5.36E-04  2.63E-03  4.23E-02  7.17E+00  3.77E+01  
      11   9.3731467300E-03  -2.5081038315E-04  8.87E-02  1.55E-03  2.89E-04  2.23E-03  2.60E-02  7.17E+00  5.72E+01  
      12   7.6216943417E-03  -1.0939135606E-03  9.50E-02  1.30E-03  4.38E-04  1.75E-03  4.71E-02  7.17E+00  1.07E+02  
      13   6.1932000202E-03  -1.8390777640E-03  1.01E-01  1.10E-03  1.93E-03  1.40E-03  2.45E-01  7.17E+00  1.10E+02  
      14   5.9405559004E-03  -1.9734069025E-03  1.02E-01  1.06E-03  4.13E-04  1.35E-03  4.80E-02  7.17E+00  1.07E+02  
      15   4.4093255102E-03  -2.6690257349E-03  1.08E-01  9.14E-04  9.04E-05  9.82E-04  1.22E-02  8.10E+00  1.44E+02  
      16   1.5047597054E-03  -3.3437132349E-03  1.20E-01  6.68E-04  6.71E-05  6.48E-04  1.24E-02  8.10E+00  2.71E+02  
      17   6.7330906561E-04  -3.3609197417E-03  1.23E-01  6.17E-04  9.65E-04  5.83E-04  1.93E-01  8.10E+00  1.82E+02  
      18  -9.5394936818E-04  -3.4102654140E-03  1.31E-01  5.05E-04  3.80E-05  4.52E-04  9.28E-03  8.10E+00  2.71E+02  
      19  -2.1480296467E-03  -3.3973526930E-03  1.36E-01  4.30E-04  1.25E-04  3.70E-04  3.60E-02  8.10E+00  3.02E+02  

      20  -2.2469880056E-03  -3.3897630505E-03  1.37E-01  4.24E-04  1.73E-04  3.63E-04  5.04E-02  8.10E+00  2.71E+02  
      21  -3.6656581577E-03  -3.1873247085E-03  1.45E-01  3.36E-04  1.41E-05  2.72E-04  5.18E-03  8.10E+00  4.43E+02  
      22  -4.2428175299E-03  -2.5586046555E-03  1.51E-01  2.89E-04  1.19E-04  2.26E-04  5.07E-02  8.10E+00  4.86E+02  
      23  -4.2619254088E-03  -2.5380566345E-03  1.51E-01  2.88E-04  1.04E-04  2.25E-04  4.13E-02  8.10E+00  4.43E+02  
      24  -4.9528579606E-03  -1.8456808720E-03  1.55E-01  2.59E-04  1.79E-04  1.83E-04  7.89E-02  8.74E+00  5.84E+02  
      25  -5.5139691371E-03  -1.2698748571E-03  1.59E-01  2.33E-04  1.21E-05  1.61E-04  5.94E-03  8.74E+00  5.35E+02  
      26  -6.4345864912E-03   7.7877337506E-05  1.66E-01  1.90E-04  5.51E-05  1.25E-04  3.33E-02  8.74E+00  8.60E+02  
      27  -6.4981959068E-03   1.7894871556E-04  1.67E-01  1.86E-04  1.48E-05  1.23E-04  9.09E-03  8.74E+00  5.35E+02  
      28  -6.7904794664E-03   6.9282378710E-04  1.69E-01  1.74E-04  9.07E-05  1.13E-04  5.94E-02  8.74E+00  8.60E+02  
      29  -7.5194815375E-03   1.9652613921E-03  1.76E-01  1.43E-04  5.31E-05  8.95E-05  4.26E-02  8.74E+00  1.02E+03  

      30  -7.5407423783E-03   1.9967413973E-03  1.76E-01  1.42E-04  1.94E-05  8.89E-05  1.56E-02  8.74E+00  8.60E+02  
      31  -9.8369606255E-03   4.4029360694E-03  1.90E-01  6.97E-05  4.16E-05  4.04E-05  6.84E-02  8.74E+00  1.83E+03  
      32  -1.0017350633E-02   4.5804327267E-03  1.91E-01  6.08E-05  3.98E-05  3.51E-05  7.50E-02  8.74E+00  8.60E+02  
      33  -1.0022432684E-02   4.5838421705E-03  1.92E-01  6.06E-05  6.13E-06  3.49E-05  1.16E-02  8.74E+00  1.83E+03  
      34  -1.0036349612E-02   4.5803840837E-03  1.92E-01  6.03E-05  1.88E-05  3.48E-05  3.56E-02  8.74E+00  8.60E+02  
      35  -1.0253058477E-02   4.5126262342E-03  1.92E-01  5.67E-05  1.73E-05  3.26E-05  3.48E-02  8.74E+00  1.83E+03  
      36  -1.1428221914E-02   4.1039041432E-03  1.96E-01  3.22E-05  4.26E-06  1.82E-05  1.51E-02  8.74E+00  1.89E+03  
      37  -1.1441785535E-02   4.0979404890E-03  1.96E-01  3.19E-05  6.11E-07  1.80E-05  2.19E-03  8.74E+00  1.83E+03  
      38  -1.1505678486E-02   4.0588298558E-03  1.96E-01  3.11E-05  3.86E-06  1.75E-05  1.42E-02  8.74E+00  1.89E+03  
      39  -1.2651243186E-02   3.3259527180E-03  2.00E-01  1.04E-05  1.46E-06  5.73E-06  1.61E-02  8.74E+00  4.79E+03  

      40  -1.2661464643E-02   3.3165835340E-03  2.00E-01  1.00E-05  2.34E-06  5.52E-06  2.67E-02  8.74E+00  1.89E+03  
      41  -1.2662044931E-02   3.3154344656E-03  2.00E-01  9.97E-06  1.86E-06  5.51E-06  2.13E-02  8.74E+00  4.79E+03  
      42  -1.2662114604E-02   3.3146329251E-03  2.00E-01  9.96E-06  1.42E-06  5.50E-06  1.63E-02  8.74E+00  1.89E+03  
      43  -1.2661990122E-02   3.3133282777E-03  2.00E-01  9.96E-06  9.96E-07  5.50E-06  1.14E-02  8.74E+00  4.79E+03  
      44  -1.2594607068E-02   2.9171826816E-03  2.01E-01  8.13E-06  1.62E-06  4.48E-06  2.28E-02  8.74E+00  4.03E+03  
      45  -1.2480683685E-02   2.2668022137E-03  2.01E-01  3.57E-06  3.37E-06  1.96E-06  1.08E-01  8.74E+00  5.19E+03  
      46  -1.2474470679E-02   2.2326759046E-03  2.01E-01  3.15E-06  4.87E-07  1.73E-06  1.77E-02  8.74E+00  4.03E+03  
      47  -1.2474268251E-02   2.2324658650E-03  2.01E-01  3.15E-06  1.37E-07  1.73E-06  4.97E-03  8.74E+00  5.19E+03  
      48  -1.2464913222E-02   2.2329867719E-03  2.01E-01  3.10E-06  8.11E-07  1.71E-06  2.99E-02  8.74E+00  4.03E+03  
      49  -1.2256669976E-02   2.2488371383E-03  2.01E-01  1.97E-06  3.87E-07  1.08E-06  2.24E-02  8.74E+00  5.19E+03  

      50  -1.2136562149E-02   2.2584491301E-03  2.01E-01  7.86E-07  2.38E-07  4.32E-07  3.47E-02  8.74E+00  4.03E+03  
      51  -1.2136506626E-02   2.2584781433E-03  2.01E-01  7.85E-07  5.61E-08  4.31E-07  8.13E-03  8.74E+00  5.19E+03  
      52  -1.2135389425E-02   2.2598214092E-03  2.01E-01  7.78E-07  9.33E-08  4.25E-07  1.36E-02  8.80E+00  4.06E+03  
      53  -1.2132740754E-02   2.2631268729E-03  2.01E-01  7.64E-07  4.81E-08  4.17E-07  7.16E-03  8.80E+00  5.22E+03  
      54  -1.2131337135E-02   2.2649265787E-03  2.01E-01  7.58E-07  4.26E-07  4.14E-07  6.38E-02  8.80E+00  4.06E+03  
      55  -1.2061428221E-02   2.3549224136E-03  2.01E-01  3.30E-07  6.69E-08  1.80E-07  2.30E-02  8.80E+00  5.66E+03  
      56  -1.2055995209E-02   2.3616785883E-03  2.01E-01  2.72E-07  9.29E-08  1.49E-07  3.88E-02  8.80E+00  4.06E+03  
      57  -1.2050665155E-02   2.3680606801E-03  2.01E-01  2.00E-07  3.43E-08  1.09E-07  1.95E-02  8.80E+00  5.66E+03  
      58  -1.2050550443E-02   2.3681703734E-03  2.01E-01  1.99E-07  3.84E-08  1.08E-07  2.20E-02  8.80E+00  4.06E+03  
      59  -1.2050478182E-02   2.3682134625E-03  2.01E-01  1.98E-07  3.63E-08  1.08E-07  2.09E-02  8.80E+00  5.66E+03  

      60  -1.2050370915E-02   2.3682413040E-03  2.01E-01  1.96E-07  2.95E-08  1.07E-07  1.71E-02  8.80E+00  4.06E+03  
      61  -1.2050117110E-02   2.3682303797E-03  2.01E-01  1.93E-07  1.11E-07  1.05E-07  6.55E-02  8.80E+00  5.66E+03  
      62  -1.2050073930E-02   2.3682230216E-03  2.01E-01  1.92E-07  5.90E-09  1.05E-07  3.49E-03  8.80E+00  4.06E+03  
      63  -1.2048984205E-02   2.3666658271E-03  2.01E-01  1.84E-07  6.77E-09  1.01E-07  4.18E-03  8.80E+00  5.66E+03  
      64  -1.2047899042E-02   2.3649673656E-03  2.01E-01  1.77E-07  8.48E-08  9.65E-08  5.45E-02  8.80E+00  4.06E+03  
      65  -1.2044181381E-02   2.3591173693E-03  2.01E-01  1.49E-07  4.82E-08  8.14E-08  3.68E-02  8.80E+00  5.66E+03  
      66  -1.2039538454E-02   2.3518172945E-03  2.01E-01  1.05E-07  2.06E-08  5.75E-08  2.22E-02  8.80E+00  4.47E+03  
      67  -1.2039367746E-02   2.3515399253E-03  2.01E-01  1.03E-07  7.24E-08  5.64E-08  7.96E-02  8.80E+00  5.66E+03  
      68  -1.2038022681E-02   2.3493466552E-03  2.01E-01  8.74E-08  2.63E-08  4.77E-08  3.43E-02  8.80E+00  4.47E+03  
      69  -1.2037889681E-02   2.3491223717E-03  2.01E-01  8.56E-08  2.23E-09  4.68E-08  2.97E-03  8.80E+00  5.66E+03  

      70  -1.2037813758E-02   2.3489796901E-03  2.01E-01  8.50E-08  1.08E-08  4.64E-08  1.45E-02  8.80E+00  4.47E+03  
      71  -1.2037797236E-02   2.3489483371E-03  2.01E-01  8.48E-08  2.97E-08  4.63E-08  3.98E-02  8.80E+00  5.66E+03  
      72  -1.2037290866E-02   2.3479929536E-03  2.01E-01  8.12E-08  2.81E-09  4.43E-08  3.93E-03  8.80E+00  4.47E+03  
      73  -1.2037224105E-02   2.3478486646E-03  2.01E-01  8.08E-08  3.18E-08  4.41E-08  4.48E-02  8.80E+00  5.66E+03  
      74  -1.2032922176E-02   2.3385174302E-03  2.01E-01  4.57E-08  3.78E-09  2.50E-08  9.38E-03  8.80E+00  8.10E+03  
      75  -1.2032512147E-02   2.3376202006E-03  2.01E-01  4.08E-08  1.07E-08  2.23E-08  2.98E-02  8.80E+00  5.66E+03  
      76  -1.2032247504E-02   2.3370389181E-03  2.01E-01  3.72E-08  1.05E-08  2.03E-08  3.23E-02  8.80E+00  8.10E+03  
      77  -1.2031627161E-02   2.3356777511E-03  2.01E-01  2.68E-08  2.90E-08  1.47E-08  1.23E-01  8.80E+00  5.66E+03  
      78  -1.2031374618E-02   2.3351232892E-03  2.01E-01  2.12E-08  1.17E-09  1.16E-08  6.26E-03  8.80E+00  8.10E+03  
      79  -1.2031376642E-02   2.3351243053E-03  2.01E-01  2.12E-08  3.59E-09  1.16E-08  1.92E-02  8.80E+00  5.66E+03  

      80  -1.2031433631E-02   2.3351607650E-03  2.01E-01  2.08E-08  3.20E-08  1.14E-08  1.75E-01  8.80E+00  8.10E+03  
      81  -1.2031808174E-02   2.3354011826E-03  2.01E-01  1.80E-08  1.47E-09  9.84E-09  9.28E-03  8.80E+00  5.66E+03  
      82  -1.2031832801E-02   2.3354189941E-03  2.01E-01  1.79E-08  1.14E-09  9.75E-09  7.23E-03  8.80E+00  8.10E+03  
      83  -1.2031997486E-02   2.3355529758E-03  2.01E-01  1.68E-08  1.06E-08  9.18E-09  7.15E-02  8.80E+00  5.66E+03  
      84  -1.2032910285E-02   2.3362987531E-03  2.01E-01  9.15E-09  6.77E-09  5.00E-09  8.42E-02  8.80E+00  8.10E+03  
      85  -1.2033211410E-02   2.3365432352E-03  2.01E-01  4.29E-09  2.52E-09  2.34E-09  6.68E-02  8.80E+00  5.66E+03  
      86  -1.2033218098E-02   2.3365489402E-03  2.01E-01  4.12E-09  2.42E-09  2.25E-09  6.69E-02  8.80E+00  8.10E+03  
      87  -1.2033241369E-02   2.3365697614E-03  2.01E-01  3.47E-09  8.92E-11  1.89E-09  2.92E-03  8.80E+00  5.66E+03  
      88  -1.2033242436E-02   2.3365717771E-03  2.01E-01  3.45E-09  4.52E-10  1.89E-09  1.49E-02  8.80E+00  8.10E+03  
      89  -1.2033281143E-02   2.3366459111E-03  2.01E-01  2.91E-09  1.31E-08  1.59E-09  5.12E-01  8.80E+00  5.66E+03  

      90  -1.2033351298E-02   2.3367800954E-03  2.01E-01  1.49E-09  4.05E-11  8.12E-10  3.09E-03  8.80E+00  8.10E+03  
      91  -1.2033357035E-02   2.3367858668E-03  2.01E-01  1.40E-09  1.09E-09  7.67E-10  8.86E-02  8.80E+00  5.66E+03  
      92  -1.2033360496E-02   2.3367892756E-03  2.01E-01  1.35E-09  6.06E-10  7.39E-10  5.09E-02  8.80E+00  8.10E+03  
      93  -1.2033398272E-02   2.3368257732E-03  2.01E-01  5.84E-10  6.16E-11  3.19E-10  1.20E-02  8.80E+00  5.66E+03  
      94  -1.2033398374E-02   2.3368257824E-03  2.01E-01  5.82E-10  4.44E-11  3.18E-10  8.66E-03  8.80E+00  8.10E+03  
      95  -1.2033399025E-02   2.3368255420E-03  2.01E-01  5.75E-10  2.72E-11  3.14E-10  5.38E-03  8.80E+00  5.66E+03  
      96  -1.2033400637E-02   2.3368245703E-03  2.01E-01  5.61E-10  3.10E-11  3.06E-10  6.29E-03  8.80E+00  8.10E+03  
      97  -1.2033404888E-02   2.3368218749E-03  2.01E-01  5.28E-10  5.59E-10  2.88E-10  1.20E-01  8.80E+00  5.66E+03  
      98  -1.2033410618E-02   2.3368182375E-03  2.01E-01  4.81E-10  9.36E-10  2.62E-10  2.21E-01  8.80E+00  8.10E+03  
      99  -1.2033417613E-02   2.3368138058E-03  2.01E-01  4.16E-10  9.16E-10  2.27E-10  2.50E-01  8.80E+00  5.66E+03  

     100  -1.2033437131E-02   2.3368014417E-03  2.01E-01  1.06E-10  1.40E-11  5.78E-11  1.51E-02  8.80E+00  8.10E+03  
     101  -1.2033437887E-02   2.3368009056E-03  2.01E-01  6.35E-11  3.80E-11  3.47E-11  6.80E-02  8.80E+00  5.66E+03  
     102  -1.2033437925E-02   2.3368008848E-03  2.01E-01  6.05E-11  1.08E-12  3.30E-11  2.04E-03  8.80E+00  8.10E+03  
     103  -1.2033437928E-02   2.3368010376E-03  2.01E-01  5.95E-11  1.15E-11  3.25E-11  2.20E-02  8.80E+00  5.66E+03  
     104  -1.2033437928E-02   2.3368010614E-03  2.01E-01  5.94E-11  7.28E-12  3.24E-11  1.39E-02  8.80E+00  8.10E+03  
     105  -1.2033437924E-02   2.3368013428E-03  2.01E-01  5.82E-11  6.05E-12  3.18E-11  1.18E-02  8.80E+00  5.66E+03  
     106  -1.2033437916E-02   2.3368016884E-03  2.01E-01  5.68E-11  6.00E-12  3.10E-11  1.20E-02  8.80E+00  8.10E+03  
     107  -1.2033437801E-02   2.3368043974E-03  2.01E-01  4.56E-11  5.31E-11  2.49E-11  1.32E-01  8.80E+00  5.66E+03  
     108  -1.2033437761E-02   2.3368053953E-03  2.01E-01  4.07E-11  1.10E-10  2.22E-11  3.06E-01  8.80E+00  8.10E+03  
     109  -1.2033437716E-02   2.3368065448E-03  2.01E-01  3.42E-11  5.46E-12  1.86E-11  1.82E-02  8.80E+00  5.66E+03  

     110  -1.2033437697E-02   2.3368071034E-03  2.01E-01  3.06E-11  8.53E-12  1.67E-11  3.17E-02  8.80E+00  8.10E+03  
     111  -1.2033437667E-02   2.3368081063E-03  2.01E-01  2.27E-11  3.30E-12  1.24E-11  1.65E-02  8.80E+00  5.66E+03  
     112  -1.2033437667E-02   2.3368081175E-03  2.01E-01  2.26E-11  5.62E-12  1.23E-11  2.82E-02  8.80E+00  8.10E+03  
     113  -1.2033437686E-02   2.3368084720E-03  2.01E-01  1.91E-11  7.45E-12  1.04E-11  4.44E-02  8.80E+00  5.66E+03  
     114  -1.2033437689E-02   2.3368085201E-03  2.01E-01  1.86E-11  2.12E-12  1.01E-11  1.30E-02  8.80E+00  8.10E+03  
     115  -1.2033437820E-02   2.3368093702E-03  2.01E-01  9.46E-13  6.22E-13  5.17E-13  7.47E-02  8.80E+00  5.66E+03  
     116  -1.2033437820E-02   2.3368093702E-03  2.01E-01  9.37E-13  7.70E-14  5.12E-13  9.35E-03  8.80E+00  8.10E+03  
     117  -1.2033437820E-02   2.3368093702E-03  2.01E-01  9.35E-13  4.66E-13  5.10E-13  5.66E-02  8.80E+00  5.66E+03  
     118  -1.2033437825E-02   2.3368093691E-03  2.01E-01  9.07E-13  9.73E-14  4.95E-13  1.22E-02  8.80E+00  8.10E+03  
     119  -1.2033437832E-02   2.3368093676E-03  2.01E-01  8.73E-13  8.45E-14  4.77E-13  1.10E-02  8.80E+00  5.66E+03  

     120  -1.2033437833E-02   2.3368093672E-03  2.01E-01  8.67E-13  7.37E-14  4.74E-13  9.66E-03  8.80E+00  8.10E+03  
     121  -1.2033437837E-02   2.3368093662E-03  2.01E-01  8.57E-13  1.76E-13  4.68E-13  2.34E-02  8.80E+00  5.66E+03  
     122  -1.2033437855E-02   2.3368093618E-03  2.01E-01  8.11E-13  7.43E-14  4.43E-13  1.04E-02  8.80E+00  8.10E+03  
     123  -1.2033438009E-02   2.3368093226E-03  2.01E-01  1.97E-13  1.56E-13  1.08E-13  9.01E-02  8.80E+00  5.66E+03  
     124  -1.2033438010E-02   2.3368093225E-03  2.01E-01  1.90E-13  6.08E-14  1.04E-13  3.63E-02  8.80E+00  8.10E+03  
     125  -1.2033438013E-02   2.3368093218E-03  2.01E-01  1.63E-13  3.02E-14  8.93E-14  2.10E-02  8.80E+00  5.66E+03  
     126  -1.2033438017E-02   2.3368093207E-03  2.01E-01  9.31E-14  5.69E-13  5.08E-14  6.95E-01  8.80E+00  8.10E+03  
     127  -1.2033438019E-02   2.3368093203E-03  2.01E-01  4.76E-14  8.76E-14  2.60E-14  2.09E-01  8.80E+00  5.66E+03  
     128  -1.2033438019E-02   2.3368093201E-03  2.01E-01  4.67E-15  2.84E-15  2.55E-15  6.90E-02  8.80E+00  8.10E+03  
     129  -1.2033438019E-02   2.3368093201E-03  2.01E-01  4.61E-15  8.99E-16  2.52E-15  2.22E-02  8.80E+00  5.66E+03  

     130  -1.2033438019E-02   2.3368093201E-03  2.01E-01  4.51E-15  9.14E-16  2.46E-15  2.31E-02  8.80E+00  8.10E+03  
     131  -1.2033438019E-02   2.3368093201E-03  2.01E-01  4.22E-15  2.48E-15  2.30E-15  6.68E-02  8.80E+00  5.66E+03  
     132  -1.2033438019E-02   2.3368093202E-03  2.01E-01  2.63E-15  2.09E-16  1.44E-15  9.02E-03  8.80E+00  8.10E+03  
     133  -1.2033438019E-02   2.3368093202E-03  2.01E-01  2.60E-15  1.27E-16  1.42E-15  5.55E-03  8.80E+00  5.66E+03  
     134  -1.2033438019E-02   2.3368093202E-03  2.01E-01  2.37E-15  3.35E-16  1.29E-15  1.61E-02  8.80E+00  8.10E+03  
     135  -1.2033438019E-02   2.3368093202E-03  2.01E-01  7.72E-16  5.93E-15  4.22E-16  8.73E-01  8.80E+00  5.66E+03  
     136  -1.2033438019E-02   2.3368093202E-03  2.01E-01  3.05E-16  1.54E-12  1.67E-16  5.72E+02  8.80E+00  8.10E+03  

 Exit  MINRES-QLP.       istop =  4              itn    =     136
 Exit  MINRES-QLP.       Anorm =  8.7958E+00     Acond  =  8.0979E+03
 Exit  MINRES-QLP.       rnorm =  3.0546E-16     Arnorm =  1.5366E-12
 Exit  MINRES-QLP.       xnorm =  2.0150E-01
 Exit  MINRES-QLP.       A solution to (poss. singular) Ax = b found, given rtol.         
