

 Enter MINRES-QLP.      Solution of Hermitian   Ax = b
 n        =     24      checkA   =   T          precon   =   F
 itnlim   =     96      rtol     =   2.22E-16   shift    =   0.00000000000000E+00
 maxxnorm =   1.00E+07  Acondlim =   1.00E+15   trancond =   1.00E+00


    iter         x(1)                           xnorm     rnorm     Arnorm   Compatible   LS      norm(A)   cond(A)
       0   0.0000000000E+00   0.0000000000E+00  0.00E+00  4.64E-02  4.15E-02  1.00E+00  1.00E+00  0.00E+00  1.00E+00 P
       1  -4.3564952551E-04  -2.9597310493E-05  4.56E-02  2.23E-02  4.89E-02  2.56E-01  8.01E-01  8.94E-01  1.00E+00  
       2  -2.2774784980E-04  -4.0038382810E-04  5.96E-02  1.29E-02  1.86E-02  6.14E-02  5.21E-01  2.74E+00  3.06E+00  
       3  -1.5898290891E-04   1.0132539357E-03  6.55E-02  9.51E-03  1.33E-02  4.17E-02  4.27E-01  2.77E+00  3.10E+00  
       4   6.2741306298E-04   1.9649460379E-03  7.37E-02  5.59E-03  4.08E-03  1.94E-02  2.22E-01  3.29E+00  5.66E+00  
       5  -1.1955950906E-04   1.3290602941E-03  7.93E-02  3.20E-03  1.26E-03  1.04E-02  1.20E-01  3.29E+00  7.62E+00  
       6  -2.7445158225E-04   9.4881489167E-04  8.13E-02  2.70E-03  1.11E-03  8.61E-03  1.26E-01  3.29E+00  1.07E+01  
       7  -3.7682407345E-04   1.2632252523E-03  9.02E-02  1.19E-03  1.16E-03  3.47E-03  2.98E-01  3.29E+00  2.77E+01  
       8  -5.3017140335E-04   1.3668901898E-03  9.30E-02  3.04E-04  4.21E-05  8.64E-04  4.22E-02  3.29E+00  1.51E+01  
       9  -6.1377313795E-04   1.6868648081E-03  9.32E-02  2.07E-04  4.25E-07  5.88E-04  6.23E-04  3.29E+00  2.77E+01  

      10  -1.3954056777E-02   3.2336090193E-02  1.46E-01  1.13E-04  3.26E-06  2.15E-04  8.76E-03  3.29E+00  2.05E+03  
      11  -1.3973828780E-02   3.2379420002E-02  1.47E-01  1.13E-04  1.30E-05  2.14E-04  2.67E-02  3.29E+00  1.74E+02  
      12  -3.4771142728E-02   7.6882648346E-02  2.83E-01  1.45E-05  3.32E-05  1.14E-05  5.34E-01  4.31E+00  6.67E+03  
      13  -3.4984394289E-02   7.7337410922E-02  2.84E-01  8.92E-06  4.45E-09  7.02E-06  1.16E-04  4.31E+00  6.76E+02  
      14  -3.4661373756E-02   7.6367514805E-02  2.85E-01  8.84E-06  1.50E-06  6.95E-06  3.95E-02  4.31E+00  8.68E+03  
      15  -3.0804084653E-02   6.4783662634E-02  2.88E-01  7.93E-06  3.33E-06  6.16E-06  9.75E-02  4.31E+00  3.00E+04  
      16  -1.8648724198E-02   2.8278505053E-02  3.15E-01  3.83E-06  2.57E-06  2.73E-06  1.56E-01  4.31E+00  5.33E+04  
      17  -1.7423906749E-02   2.4601367619E-02  3.18E-01  3.13E-06  1.36E-07  2.21E-06  1.01E-02  4.31E+00  3.00E+04  
      18  -1.7415444323E-02   2.4575962608E-02  3.18E-01  3.12E-06  6.58E-08  2.20E-06  4.89E-03  4.31E+00  5.33E+04  
      19  -1.7413184263E-02   2.4569356313E-02  3.18E-01  3.12E-06  1.37E-07  2.20E-06  1.02E-02  4.31E+00  3.00E+04  

      20  -1.7412838426E-02   2.4568368892E-02  3.18E-01  3.12E-06  8.61E-09  2.20E-06  6.40E-04  4.31E+00  5.33E+04  
      21  -1.7285895836E-02   2.4316787065E-02  3.20E-01  3.05E-06  8.24E-08  2.14E-06  6.27E-03  4.31E+00  3.41E+04  
      22  -1.6752224811E-02   2.3262056403E-02  3.25E-01  2.73E-06  1.82E-06  1.89E-06  1.55E-01  4.31E+00  7.03E+04  
      23  -1.6562963316E-02   2.2888035470E-02  3.28E-01  2.61E-06  3.41E-07  1.79E-06  3.03E-02  4.31E+00  4.19E+04  
      24  -1.5483866208E-02   2.0754260241E-02  3.45E-01  1.76E-06  8.15E-11  1.15E-06  1.07E-05  4.31E+00  1.00E+05  
      25  -1.5124420563E-02   1.4129901372E-02  3.77E-01  4.37E-07  6.50E-07  2.62E-07  3.45E-01  4.31E+00  1.89E+05  
      26  -1.5120511210E-02   1.4058309490E-02  3.77E-01  3.99E-07  1.59E-07  2.39E-07  9.24E-02  4.31E+00  1.00E+05  
      27  -1.5119699746E-02   1.4043703911E-02  3.77E-01  3.91E-07  2.17E-09  2.34E-07  1.29E-03  4.31E+00  1.89E+05  
      28  -1.5119646898E-02   1.4043699957E-02  3.77E-01  3.91E-07  2.77E-09  2.34E-07  1.65E-03  4.31E+00  1.00E+05  
      29  -1.5119100561E-02   1.4043875154E-02  3.77E-01  3.91E-07  9.76E-09  2.34E-07  5.79E-03  4.31E+00  1.89E+05  

      30  -1.4940596246E-02   1.4106257951E-02  3.78E-01  3.42E-07  1.97E-07  2.04E-07  1.34E-01  4.31E+00  1.00E+05  
      31  -1.4597542895E-02   1.4226105014E-02  3.80E-01  2.18E-07  3.97E-07  1.30E-07  4.23E-01  4.31E+00  1.89E+05  
      32  -1.4444666819E-02   1.4279502579E-02  3.80E-01  1.29E-07  4.74E-09  7.64E-08  8.55E-03  4.31E+00  1.00E+05  
      33  -1.4443910268E-02   1.4279784013E-02  3.80E-01  1.28E-07  4.19E-10  7.61E-08  7.59E-04  4.31E+00  1.89E+05  
      34  -1.4446365650E-02   1.4281726807E-02  3.80E-01  1.19E-07  3.99E-08  7.07E-08  7.78E-02  4.31E+00  1.00E+05  
      35  -1.4446470414E-02   1.4281802935E-02  3.80E-01  1.19E-07  1.73E-10  7.04E-08  3.39E-04  4.31E+00  1.89E+05  
      36  -1.4447470143E-02   1.4281500433E-02  3.80E-01  1.18E-07  6.94E-10  7.04E-08  1.36E-03  4.31E+00  1.00E+05  
      37  -1.4455086020E-02   1.4279141131E-02  3.80E-01  1.18E-07  1.76E-09  6.99E-08  3.47E-03  4.31E+00  1.89E+05  
      38  -1.4639971714E-02   1.4221664603E-02  3.80E-01  9.61E-08  7.50E-08  5.70E-08  1.81E-01  4.31E+00  1.00E+05  
      39  -1.4831170099E-02   1.4162223693E-02  3.81E-01  6.68E-08  1.19E-08  3.97E-08  4.14E-02  4.31E+00  1.89E+05  

      40  -1.4831838417E-02   1.4162016639E-02  3.81E-01  6.67E-08  8.25E-11  3.96E-08  2.87E-04  4.31E+00  1.00E+05  
      41  -1.4831862376E-02   1.4162084901E-02  3.81E-01  6.67E-08  2.15E-09  3.96E-08  7.49E-03  4.31E+00  1.89E+05  
      42  -1.4832155317E-02   1.4163268859E-02  3.81E-01  6.62E-08  1.03E-08  3.92E-08  3.62E-02  4.31E+00  1.00E+05  
      43  -1.4832901540E-02   1.4166338521E-02  3.81E-01  6.47E-08  4.89E-08  3.84E-08  1.75E-01  4.31E+00  1.89E+05  
      44  -1.4838551911E-02   1.4189680508E-02  3.81E-01  5.28E-08  7.40E-09  3.13E-08  3.26E-02  4.31E+00  1.00E+05  
      45  -1.4838748598E-02   1.4190540001E-02  3.81E-01  5.23E-08  6.72E-11  3.10E-08  2.98E-04  4.31E+00  1.89E+05  
      46  -1.4818156729E-02   1.4249247264E-02  3.81E-01  3.45E-08  3.57E-09  2.04E-08  2.41E-02  4.31E+00  1.19E+05  
      47  -1.4817006223E-02   1.4252525571E-02  3.81E-01  3.32E-08  2.25E-11  1.97E-08  1.57E-04  4.31E+00  1.89E+05  
      48  -1.4817007400E-02   1.4252549337E-02  3.81E-01  3.31E-08  5.20E-09  1.97E-08  3.64E-02  4.31E+00  1.19E+05  
      49  -1.4817394192E-02   1.4258823535E-02  3.81E-01  1.56E-08  7.53E-09  9.26E-09  1.12E-01  4.31E+00  1.89E+05  

      50  -1.4817404361E-02   1.4258987532E-02  3.81E-01  1.49E-08  3.56E-09  8.83E-09  5.55E-02  4.31E+00  1.19E+05  
      51  -1.4817404931E-02   1.4258993844E-02  3.81E-01  1.49E-08  2.98E-10  8.81E-09  4.66E-03  4.31E+00  1.89E+05  
      52  -1.4817409525E-02   1.4259007990E-02  3.81E-01  1.48E-08  2.01E-11  8.79E-09  3.15E-04  4.31E+00  1.19E+05  
      53  -1.4817442103E-02   1.4259057337E-02  3.81E-01  1.48E-08  1.86E-10  8.78E-09  2.92E-03  4.31E+00  1.89E+05  
      54  -1.4817453097E-02   1.4259073903E-02  3.81E-01  1.48E-08  2.85E-10  8.78E-09  4.46E-03  4.31E+00  1.19E+05  
      55  -1.4818244940E-02   1.4260259357E-02  3.81E-01  1.45E-08  2.40E-09  8.60E-09  3.84E-02  4.31E+00  1.89E+05  
      56  -1.4832362311E-02   1.4281398147E-02  3.81E-01  6.90E-09  4.94E-09  4.09E-09  1.66E-01  4.31E+00  1.42E+05  
      57  -1.4834654989E-02   1.4284828829E-02  3.81E-01  4.60E-09  8.83E-12  2.73E-09  4.46E-04  4.31E+00  1.89E+05  
      58  -1.4834660384E-02   1.4284827245E-02  3.81E-01  4.60E-09  2.75E-10  2.73E-09  1.39E-02  4.31E+00  1.42E+05  
      59  -1.4834923597E-02   1.4284747648E-02  3.81E-01  4.56E-09  2.35E-09  2.70E-09  1.20E-01  4.31E+00  1.89E+05  

      60  -1.4835990404E-02   1.4284425071E-02  3.81E-01  4.38E-09  4.37E-11  2.59E-09  2.32E-03  4.31E+00  1.42E+05  
      61  -1.4836017391E-02   1.4284415579E-02  3.81E-01  4.37E-09  3.44E-11  2.59E-09  1.83E-03  4.31E+00  1.89E+05  
      62  -1.4838706332E-02   1.4283323851E-02  3.81E-01  3.94E-09  2.62E-09  2.33E-09  1.54E-01  4.31E+00  1.42E+05  
      63  -1.4849073169E-02   1.4279113356E-02  3.81E-01  1.26E-09  2.33E-13  7.46E-10  4.30E-05  4.31E+00  1.89E+05  
      64  -1.4849029482E-02   1.4278991006E-02  3.81E-01  1.22E-09  3.84E-10  7.22E-10  7.33E-02  4.31E+00  1.42E+05  
      65  -1.4848472941E-02   1.4277434250E-02  3.81E-01  4.71E-10  5.05E-10  2.79E-10  2.49E-01  4.31E+00  1.89E+05  
      66  -1.4848461073E-02   1.4277401069E-02  3.81E-01  4.41E-10  2.13E-10  2.62E-10  1.12E-01  4.31E+00  1.42E+05  
      67  -1.4848440362E-02   1.4277343071E-02  3.81E-01  3.84E-10  9.16E-11  2.28E-10  5.54E-02  4.31E+00  1.89E+05  
      68  -1.4848429980E-02   1.4277314038E-02  3.81E-01  3.52E-10  2.10E-10  2.09E-10  1.39E-01  4.31E+00  1.42E+05  
      69  -1.4848426408E-02   1.4277304065E-02  3.81E-01  3.41E-10  2.45E-11  2.02E-10  1.67E-02  4.31E+00  1.89E+05  

      70  -1.4848426159E-02   1.4277303358E-02  3.81E-01  3.40E-10  1.94E-12  2.01E-10  1.32E-03  4.31E+00  1.42E+05  
      71  -1.4848426107E-02   1.4277303022E-02  3.81E-01  3.39E-10  2.67E-13  2.01E-10  1.83E-04  4.31E+00  1.89E+05  
      72  -1.4848586599E-02   1.4277286021E-02  3.81E-01  3.28E-11  1.68E-11  1.94E-11  1.19E-01  4.31E+00  1.42E+05  
      73  -1.4848586769E-02   1.4277286002E-02  3.81E-01  3.09E-11  6.38E-13  1.83E-11  4.80E-03  4.31E+00  1.89E+05  
      74  -1.4848586779E-02   1.4277286001E-02  3.81E-01  3.09E-11  3.30E-12  1.83E-11  2.48E-02  4.31E+00  1.42E+05  
      75  -1.4848586792E-02   1.4277286000E-02  3.81E-01  3.09E-11  3.35E-13  1.83E-11  2.52E-03  4.31E+00  1.89E+05  
      76  -1.4848594914E-02   1.4277285056E-02  3.81E-01  2.28E-11  2.91E-12  1.35E-11  2.97E-02  4.31E+00  1.42E+05  
      77  -1.4848594933E-02   1.4277285054E-02  3.81E-01  2.28E-11  1.50E-13  1.35E-11  1.53E-03  4.31E+00  1.89E+05  
      78  -1.4848594929E-02   1.4277285053E-02  3.81E-01  2.28E-11  2.10E-13  1.35E-11  2.14E-03  4.31E+00  1.42E+05  
      79  -1.4848579716E-02   1.4277281706E-02  3.81E-01  1.87E-11  8.49E-12  1.11E-11  1.05E-01  4.31E+00  1.89E+05  

      80  -1.4848548660E-02   1.4277274875E-02  3.81E-01  3.00E-12  2.35E-12  1.78E-12  1.82E-01  4.31E+00  1.42E+05  
      81  -1.4848548177E-02   1.4277274769E-02  3.81E-01  1.92E-12  1.24E-13  1.14E-12  1.50E-02  4.31E+00  1.89E+05  
      82  -1.4848548144E-02   1.4277274762E-02  3.81E-01  1.82E-12  8.22E-13  1.08E-12  1.05E-01  4.31E+00  1.42E+05  
      83  -1.4848548140E-02   1.4277274761E-02  3.81E-01  1.81E-12  2.54E-14  1.07E-12  3.26E-03  4.31E+00  1.89E+05  
      84  -1.4848547999E-02   1.4277274781E-02  3.81E-01  1.14E-12  1.40E-13  6.78E-13  2.85E-02  4.31E+00  1.42E+05  
      85  -1.4848547998E-02   1.4277274781E-02  3.81E-01  1.14E-12  2.82E-14  6.75E-13  5.75E-03  4.31E+00  1.89E+05  
      86  -1.4848547997E-02   1.4277274781E-02  3.81E-01  1.13E-12  3.99E-14  6.69E-13  8.22E-03  4.31E+00  1.42E+05  
      87  -1.4848547997E-02   1.4277274781E-02  3.81E-01  1.13E-12  3.80E-15  6.69E-13  7.81E-04  4.31E+00  1.89E+05  
      88  -1.4848548007E-02   1.4277274780E-02  3.81E-01  1.11E-12  7.63E-14  6.59E-13  1.59E-02  4.31E+00  1.42E+05  
      89  -1.4848548330E-02   1.4277274736E-02  3.81E-01  4.46E-14  9.50E-14  2.65E-14  4.94E-01  4.31E+00  1.89E+05  

      90  -1.4848548330E-02   1.4277274736E-02  3.81E-01  2.44E-14  6.13E-14  1.44E-14  5.84E-01  4.31E+00  1.42E+05  
      91  -1.4848548331E-02   1.4277274736E-02  3.81E-01  4.14E-15  1.03E-16  2.45E-15  5.78E-03  4.31E+00  1.89E+05  
      92  -1.4848548331E-02   1.4277274736E-02  3.81E-01  4.13E-15  1.35E-17  2.45E-15  7.60E-04  4.31E+00  1.42E+05  
      93  -1.4848548331E-02   1.4277274736E-02  3.81E-01  4.12E-15  2.69E-16  2.45E-15  1.51E-02  4.31E+00  1.89E+05  
      94  -1.4848548320E-02   1.4277274755E-02  3.81E-01  4.65E-16  2.99E-16  2.76E-16  1.49E-01  4.31E+00  1.42E+05  
      95  -1.4848548319E-02   1.4277274755E-02  3.81E-01  4.29E-16  2.31E-16  2.54E-16  1.25E-01  4.31E+00  1.89E+05  
      96  -1.4848548319E-02   1.4277274755E-02  3.81E-01  2.89E-16  7.04E-13  1.72E-16  5.65E+02  4.31E+00  1.42E+05  

 Exit  MINRES-QLP.       istop =  4              itn    =      96
 Exit  MINRES-QLP.       Anorm =  4.3067E+00     Acond  =  1.4246E+05
 Exit  MINRES-QLP.       rnorm =  2.8927E-16     Arnorm =  7.0432E-13
 Exit  MINRES-QLP.       xnorm =  3.8083E-01
 Exit  MINRES-QLP.       A solution to (poss. singular) Ax = b found, given rtol.         
