           1
  1    0.64267    0.00906    0.00000    0.00533    0.00346
  2   -0.85917   -0.10360    0.00000   -0.00364   -0.00142
  3    0.37936    0.06350    0.00000    0.00155    0.00069
  4   -0.23680   -0.09446    0.00000    0.00126    0.00081
  5    1.03229   -0.00603    0.00000    0.00090   -0.00368
  6   -0.58797    0.00000    0.00906    0.00346   -0.00533
  7    0.46455    0.00000   -0.10360   -0.00142    0.00364
  8    0.15764    0.00000    0.06350    0.00069   -0.00155
  9    0.45697    0.00000   -0.09446    0.00081   -0.00126
 10    0.56537    0.00000   -0.00603   -0.00368   -0.00090
 11    1.39213    0.00977    0.00000   -0.00247   -0.00170
 12    0.09515    0.06680    0.00000   -0.00030   -0.00156
 13    0.12141   -0.00906    0.00000   -0.00533   -0.00346
 14    0.57430    0.01749    0.00000    0.00113    0.00460
 15    0.17203    0.06350    0.00000    0.00155    0.00069
 16   -0.34811    0.00000   -0.10360   -0.00142    0.00364
 17    0.87721    0.00000    0.10557   -0.00001    0.00137
 18   -1.93263    0.00000   -0.20122   -0.00041   -0.00163
 19   -0.92262    0.00000   -0.03518   -0.00193   -0.00119
 20   -1.40232    0.00000   -0.16859   -0.00213   -0.00133
 21   -1.49371   -0.04058    0.00000   -0.00144    0.00339
 22    1.84201    0.37121    0.00000   -0.00105    0.00075
 23   -1.31592   -0.40755    0.00000    0.00012   -0.00382
 24    0.92637    0.25458    0.00000   -0.00006   -0.00180
 25   -1.41172    0.00461    0.00000   -0.00114   -0.00235
 26   -0.12338   -0.20167    0.00000    0.00015   -0.00111
 27    2.28959   -0.00403    0.00000   -0.00012   -0.00110
 28    0.37052    0.17102    0.00000    0.00176   -0.00330
 29   -3.56171   -0.37435    0.00000   -0.00003   -0.00202
 30    1.38266    0.21984    0.00000   -0.00015    0.00353
 31 -215.24139   -0.50000    0.00000    0.00000    0.00000
 32    0.55683    0.07406    0.00000    0.00108   -0.00546
 33    0.32001    0.00772    0.00000   -0.00215   -0.00169
 34    0.78181   -0.07740    0.00000   -0.00168   -0.00330
 35    0.29033    0.44945    0.00000   -0.00264   -0.00086
 36    2.73186    0.46547    0.00000   -0.00037    0.00040
 37    0.52062   -0.06526    0.00000   -0.00256    0.00289
 38    0.43898    0.01548    0.00000   -0.00088   -0.00052
 39   -0.27886    0.08064    0.00000   -0.00087    0.00413
 40   -3.29950   -0.48394    0.00000    0.00228    0.00126
 41   -1.73563   -0.00772    0.00000    0.00215    0.00169
 42   -1.58519   -0.33126    0.00000    0.00088   -0.00765
 43  634.13841    0.50000    0.00000    0.00000    0.00000
 44   -1.55105   -0.29650    0.00000   -0.00079    0.00530
 45   -1.62477   -0.01557    0.00000    0.00447    0.00036
 46   -1.29123    0.00000   -0.07406    0.00546    0.00108
 47   15.82666    0.00000    0.50000   -0.00000   -0.00000
 48    1.09563    0.00000   -0.33126   -0.00765   -0.00088
 49    0.10926    0.00000    0.12964   -0.00092   -0.00009
 50   -1.12832    0.00000    0.06435   -0.00249    0.00037
 51   -2.39768    0.00000   -0.04234    0.00061    0.00111
 52   -0.98510    0.00000   -0.34962   -0.00587   -0.00232
 53    2.07930    0.00000    0.43228   -0.00040    0.00332
 54    0.36856    0.00000   -0.23352    0.00555   -0.00181
 55   -1.61654    0.00000   -0.00051   -0.00104   -0.00090
 56   -1.23615    0.00000   -0.28551   -0.00206    0.00116
 57   -1.28812    0.00000   -0.11936   -0.00256   -0.00341
 58    0.74770    0.00000    0.15650   -0.00035    0.00022
 59   -0.09940    0.00000   -0.09581   -0.00035   -0.00022
 60    1.45016    0.00000    0.29166    0.00264   -0.00037
 61   -2.16150    0.00000   -0.44694    0.00007   -0.00093
 62   -0.15599    0.00000    0.04572   -0.00485   -0.00108
 63    1.13643    0.00000    0.04403   -0.00050   -0.00399
 64   -1.08276    0.00000   -0.12889   -0.00334    0.00229
 65    1.66324    0.00000    0.43680    0.00089    0.00097
 66   -0.23904    0.00000    0.28670   -0.00697    0.00706
 67   -1.52983    0.00000   -0.13639    0.00436   -0.00196
 68   -1.35400    0.00000    0.04920    0.00026    0.00477
 69   -1.54591    0.00000   -0.05482    0.00061    0.00104
 70   -2.15339    0.00000   -0.30366    0.00541   -0.00169
  ------------------------------------------------ 
           2
  1    0.64267    0.01055    0.00000    0.00535    0.00356
  2   -0.85917   -0.10422    0.00000   -0.00373   -0.00146
  3    0.37936    0.06321    0.00000    0.00163    0.00081
  4   -0.23680   -0.09512    0.00000    0.00097    0.00091
  5    1.03229   -0.00810    0.00000    0.00065   -0.00367
  6   -0.58797    0.00000    0.01055    0.00356   -0.00535
  7    0.46455    0.00000   -0.10422   -0.00146    0.00373
  8    0.15764    0.00000    0.06321    0.00081   -0.00163
  9    0.45697    0.00000   -0.09512    0.00091   -0.00097
 10    0.56537    0.00000   -0.00810   -0.00367   -0.00065
 11    1.39213    0.00966    0.00000   -0.00258   -0.00173
 12    0.09515    0.06626    0.00000   -0.00011   -0.00164
 13    0.12142   -0.01055    0.00000   -0.00535   -0.00356
 14    0.57430    0.01911    0.00000    0.00140    0.00452
 15    0.17203    0.06321    0.00000    0.00163    0.00081
 16   -0.34811    0.00000   -0.10422   -0.00146    0.00373
 17    0.87721    0.00000    0.10564   -0.00001    0.00142
 18   -1.93263    0.00000   -0.20253   -0.00040   -0.00128
 19   -0.92262    0.00000   -0.03659   -0.00192   -0.00117
 20   -1.40232    0.00000   -0.16613   -0.00223   -0.00186
 21   -1.49371   -0.03990    0.00000   -0.00177    0.00354
 22    1.84201    0.37070    0.00000   -0.00156    0.00087
 23   -1.31592   -0.40802    0.00000    0.00085   -0.00398
 24    0.92637    0.25432    0.00000   -0.00007   -0.00196
 25   -1.41172    0.00513    0.00000   -0.00145   -0.00216
 26   -0.12338   -0.20369    0.00000    0.00057   -0.00147
 27    2.28959   -0.00336    0.00000    0.00014   -0.00089
 28    0.37052    0.17109    0.00000    0.00196   -0.00325
 29   -3.56171   -0.37439    0.00000    0.00015   -0.00195
 30    1.38266    0.22064    0.00000   -0.00031    0.00325
 31 -215.24139   -0.50000    0.00000    0.00000    0.00000
 32    0.55683    0.07555    0.00000    0.00083   -0.00548
 33    0.32001    0.00876    0.00000   -0.00151   -0.00168
 34    0.78182   -0.07949    0.00000   -0.00132   -0.00358
 35    0.29033    0.45083    0.00000   -0.00359   -0.00050
 36    2.73186    0.46624    0.00000   -0.00107    0.00063
 37    0.52062   -0.06678    0.00000   -0.00277    0.00271
 38    0.43898    0.01452    0.00000   -0.00078   -0.00056
 39   -0.27886    0.08204    0.00000   -0.00153    0.00395
 40   -3.29952   -0.48455    0.00000    0.00251    0.00113
 41   -1.73563   -0.00876    0.00000    0.00151    0.00168
 42   -1.58520   -0.33033    0.00000    0.00136   -0.00792
 43  634.13841    0.50000    0.00000    0.00000    0.00000
 44   -1.55105   -0.29647    0.00000   -0.00082    0.00517
 45   -1.62478   -0.01495    0.00000    0.00441    0.00034
 46   -1.29123    0.00000   -0.07555    0.00548    0.00083
 47   15.82674    0.00000    0.50000   -0.00000   -0.00000
 48    1.09563    0.00000   -0.33033   -0.00792   -0.00136
 49    0.10926    0.00000    0.12892   -0.00106   -0.00001
 50   -1.12831    0.00000    0.06628   -0.00235   -0.00023
 51   -2.39768    0.00000   -0.04189    0.00087    0.00175
 52   -0.98509    0.00000   -0.34945   -0.00615   -0.00253
 53    2.07931    0.00000    0.43315   -0.00013    0.00330
 54    0.36856    0.00000   -0.23433    0.00524   -0.00223
 55   -1.61654    0.00000   -0.00011   -0.00088   -0.00037
 56   -1.23615    0.00000   -0.28688   -0.00217    0.00117
 57   -1.28812    0.00000   -0.11707   -0.00251   -0.00398
 58    0.74770    0.00000    0.15628   -0.00027    0.00001
 59   -0.09940    0.00000   -0.09490   -0.00031   -0.00091
 60    1.45015    0.00000    0.29272    0.00264    0.00035
 61   -2.16150    0.00000   -0.44837   -0.00024   -0.00094
 62   -0.15599    0.00000    0.04803   -0.00471   -0.00147
 63    1.13643    0.00000    0.04418   -0.00062   -0.00487
 64   -1.08276    0.00000   -0.12954   -0.00329    0.00194
 65    1.66324    0.00000    0.43753    0.00089    0.00185
 66   -0.23904    0.00000    0.28792   -0.00691    0.00737
 67   -1.52983    0.00000   -0.13865    0.00449   -0.00148
 68   -1.35400    0.00000    0.04951    0.00045    0.00460
 69   -1.54591    0.00000   -0.05425    0.00056    0.00119
 70   -2.15340    0.00000   -0.30402    0.00514   -0.00148
  ------------------------------------------------ 
           3
  1    0.64266    0.01105    0.00000    0.00507    0.00342
  2   -0.85916   -0.10313    0.00000   -0.00460   -0.00161
  3    0.37936    0.06040    0.00000    0.00209    0.00085
  4   -0.23680   -0.09454    0.00000    0.00040    0.00063
  5    1.03229   -0.00815    0.00000    0.00031   -0.00361
  6   -0.58798    0.00000    0.01105    0.00342   -0.00507
  7    0.46455    0.00000   -0.10313   -0.00161    0.00460
  8    0.15764    0.00000    0.06040    0.00085   -0.00209
  9    0.45697    0.00000   -0.09454    0.00063   -0.00040
 10    0.56537    0.00000   -0.00815   -0.00361   -0.00031
 11    1.39213    0.01266    0.00000   -0.00343   -0.00181
 12    0.09515    0.06584    0.00000   -0.00008   -0.00143
 13    0.12142   -0.01105    0.00000   -0.00507   -0.00342
 14    0.57430    0.01969    0.00000    0.00153    0.00446
 15    0.17203    0.06040    0.00000    0.00209    0.00085
 16   -0.34811    0.00000   -0.10313   -0.00161    0.00460
 17    0.87721    0.00000    0.10307    0.00002    0.00106
 18   -1.93263    0.00000   -0.20559   -0.00030   -0.00159
 19   -0.92262    0.00000   -0.03709   -0.00177   -0.00151
 20   -1.40232    0.00000   -0.16482   -0.00215   -0.00200
 21   -1.49371   -0.04494    0.00000   -0.00221    0.00340
 22    1.84201    0.36860    0.00000   -0.00194    0.00088
 23   -1.31592   -0.40720    0.00000   -0.00006   -0.00400
 24    0.92637    0.25046    0.00000    0.00008   -0.00208
 25   -1.41172    0.00873    0.00000   -0.00225   -0.00203
 26   -0.12338   -0.20067    0.00000    0.00098   -0.00135
 27    2.28959    0.00279    0.00000    0.00010   -0.00083
 28    0.37052    0.16656    0.00000    0.00239   -0.00340
 29   -3.56171   -0.37430    0.00000   -0.00051   -0.00197
 30    1.38266    0.21889    0.00000    0.00031    0.00334
 31 -215.24139   -0.50000    0.00000    0.00000    0.00000
 32    0.55683    0.08020    0.00000    0.00100   -0.00531
 33    0.32001    0.00439    0.00000   -0.00264   -0.00164
 34    0.78182   -0.07625    0.00000   -0.00086   -0.00343
 35    0.29034    0.44894    0.00000   -0.00287   -0.00045
 36    2.73186    0.46510    0.00000   -0.00035    0.00066
 37    0.52062   -0.07142    0.00000   -0.00236    0.00254
 38    0.43898    0.01957    0.00000   -0.00058   -0.00053
 39   -0.27886    0.07936    0.00000   -0.00091    0.00401
 40   -3.29954   -0.48380    0.00000    0.00252    0.00111
 41   -1.73563   -0.00439    0.00000    0.00264    0.00164
 42   -1.58520   -0.32887    0.00000    0.00122   -0.00805
 43  634.13841    0.50000    0.00000    0.00000    0.00000
 44   -1.55105   -0.29216    0.00000   -0.00158    0.00531
 45   -1.62478   -0.01993    0.00000    0.00510    0.00025
 46   -1.29123    0.00000   -0.08020    0.00531    0.00100
 47   15.82674    0.00000    0.50000   -0.00000   -0.00000
 48    1.09563    0.00000   -0.32887   -0.00805   -0.00122
 49    0.10926    0.00000    0.12287   -0.00114    0.00061
 50   -1.12831    0.00000    0.07092   -0.00225    0.00035
 51   -2.39768    0.00000   -0.03838    0.00090    0.00119
 52   -0.98509    0.00000   -0.34818   -0.00624   -0.00190
 53    2.07931    0.00000    0.43196   -0.00005    0.00391
 54    0.36856    0.00000   -0.22895    0.00529   -0.00225
 55   -1.61654    0.00000   -0.00515   -0.00086   -0.00066
 56   -1.23615    0.00000   -0.28342   -0.00208    0.00092
 57   -1.28812    0.00000   -0.11505   -0.00244   -0.00408
 58    0.74770    0.00000    0.15459   -0.00028    0.00041
 59   -0.09940    0.00000   -0.09071   -0.00014   -0.00080
 60    1.45015    0.00000    0.28923    0.00265   -0.00059
 61   -2.16150    0.00000   -0.44722   -0.00024   -0.00155
 62   -0.15599    0.00000    0.05258   -0.00461   -0.00183
 63    1.13643    0.00000    0.04018   -0.00071   -0.00422
 64   -1.08276    0.00000   -0.12744   -0.00315    0.00229
 65    1.66324    0.00000    0.43636    0.00093    0.00062
 66   -0.23903    0.00000    0.28849   -0.00670    0.00677
 67   -1.52983    0.00000   -0.14017    0.00455   -0.00206
 68   -1.35400    0.00000    0.05122    0.00043    0.00513
