  Nw:      100000
 Nhn:           5
 Nhp:           5
  Np:          70
    1     3.28222  -0.00666   10.43971    5.56923    0.59016    6.44281
    2     3.27427  -0.00955   10.39542    5.50294    0.58680    6.49123
    3     3.29479   0.00743   10.60924    5.63488    0.58132    6.45083
    4     3.28204  -0.00585   10.56358    5.65462    0.58500    6.44399
    5     3.26981   0.00344   10.53157    5.60905    0.58392    6.44162
    6     3.26465  -0.00144   10.69458    5.73930    0.57008    6.47507
    7     3.26579  -0.00757   10.51007    5.57284    0.59276    6.43276
    8     3.25448   0.01468   10.57741    5.64457    0.58284    6.70673
    9     3.25167  -0.00784   10.65447    5.65709    0.58636    6.65306
   10     3.24071  -0.01102   10.71749    5.75054    0.58464    6.50563
   11     3.22867  -0.00366   10.76459    5.74818    0.56120    6.45302
   12     3.22468   0.00235   10.76906    5.72763    0.57736    6.59597
   13     3.20966   0.00440   10.82710    5.83541    0.57956    6.57030
   14     3.20285  -0.01360   10.84729    5.77549    0.56852    6.56937
   15     3.18921  -0.00315   10.99177    5.90958    0.56608    6.74435
   16     3.17368  -0.01614   11.03766    5.91594    0.56780    6.65771
   17     3.16254  -0.00644   11.10586    5.96571    0.56536    6.58450
   18     3.14389  -0.00674   11.20956    6.04608    0.55548    6.56231
   19     3.11967  -0.01000   11.18954    6.01640    0.56104    6.58757
   20     3.09915   0.00222   11.36606    6.14168    0.54856    6.57721
   21     3.08685  -0.00618   11.56804    6.28264    0.52600    6.65065
   22     3.05815   0.00627   11.69258    6.30044    0.52796    6.64363
   23     3.02622  -0.00863   11.94743    6.52674    0.51408    6.64807
   24     3.00509  -0.00737   11.84256    6.40877    0.53048    6.73293
   25     2.97330  -0.00098   12.00179    6.54070    0.52344    6.72583
   26     2.93987   0.01131   12.18594    6.64024    0.51332    6.73875
   27     2.89558  -0.01122   12.28334    6.72886    0.51508    6.85857
   28     2.85812   0.00961   12.48081    6.80415    0.48884    6.81415
   29     2.80905   0.00900   12.64491    6.92837    0.48280    6.87054
   30     2.77020  -0.00653   12.95569    7.13578    0.47592    6.88708
   31     2.71947   0.00137   13.12568    7.25007    0.46836    6.95126
   32     2.67004  -0.01184   13.33708    7.40179    0.46192    7.02580
   33     2.61818  -0.00524   13.47784    7.50076    0.44880    7.04366
   34     2.54114   0.00402   13.74297    7.66491    0.43024    7.10579
   35     2.49618  -0.01010   14.05511    7.86588    0.42564    7.20665
   36     2.42514   0.00105   14.28779    8.04900    0.40432    7.26505
   37     2.35315  -0.00808   14.57353    8.22088    0.38760    7.31102
   38     2.29847   0.01170   14.86982    8.36235    0.37748    7.35219
   39     2.20639   0.00800   15.09966    8.57481    0.36252    7.34763
   40     2.10847   0.00001   15.33357    8.78284    0.34256    7.41714
   41     2.02997   0.00223   15.69615    9.08454    0.32176    7.58429
   42     1.92359  -0.01719   16.03079    9.37228    0.29128    7.64706
   43     1.83860  -0.02206   16.31572    9.57418    0.27848    7.74728
   44     1.74038  -0.00853   16.56031    9.71728    0.26020    7.87961
   45     1.63399   0.00076   16.96737   10.08448    0.22832    7.87125
   46     1.51835   0.00384   17.04814   10.11412    0.20832    8.07269
   47     1.41537   0.01321   17.38069   10.28159    0.17784    8.12555
   48     1.28856  -0.01177   17.71299   10.69093    0.14668    8.37341
   49     1.17457   0.00750   17.83609   10.71600    0.13008    8.53928
   50     1.03354  -0.01175   18.28868   11.25355    0.07980    8.66180
   51     0.90294   0.00284   18.44509   11.39525    0.05476    9.43326
   52     0.76844  -0.00524   18.53775   11.45158    0.01720    9.39685
   53     0.64754   0.00178   18.81314   11.69233   -0.00724    9.26349
   54     0.51686   0.00664   18.91125   11.72848   -0.04536    9.34329
   55     0.38176   0.01297   19.32231   12.10744   -0.08604    9.62424
   56     0.20487  -0.00943   19.27456   12.19909   -0.13716    9.96219
   57     0.06942  -0.01481   19.31162   12.34452   -0.16724   10.28281
   58    -0.08655  -0.00912   19.20552   12.29733   -0.21100   10.20547
   59    -0.22479   0.00283   19.52049   12.50970   -0.25640   10.51630
   60    -0.37989  -0.00656   19.49836   12.54768   -0.30628   10.80734
   61    -0.51492   0.00640   19.41485   12.33412   -0.34176   11.38205
   62    -0.67096  -0.00364   19.40812   12.52129   -0.38672   11.60547
   63    -0.81094   0.00330   19.43792   12.36293   -0.42940   11.92038
   64    -0.98575  -0.00004   19.34809   12.60769   -0.49220   12.20078
   65    -1.12277   0.00134   19.25376   12.39586   -0.53256   12.49387
   66    -1.28470  -0.00606   19.10532   12.35121   -0.58856   12.93008
   67    -1.43217  -0.01326   18.84420   12.28720   -0.63200   13.23773
   68    -1.59593  -0.00780   18.87367   12.22560   -0.69584   13.77722
   69    -1.74905   0.00789   18.71364   12.13715   -0.74300   13.83936
   70    -1.88741  -0.00518   18.21201   11.85105   -0.78480   14.52887
   71    -2.03852   0.01716   18.23662   11.66072   -0.84052   14.97198
   72    -2.18315   0.00191   17.89898   11.63410   -0.88548   15.27557
   73    -2.31586  -0.00206   17.47747   11.24124   -0.94080   16.71417
   74    -2.45545   0.00142   17.26989   11.11989   -0.98464   17.23444
   75    -2.62252  -0.00531   16.90845   10.96142   -1.04676   18.01843
   76    -2.73542   0.00263   16.59127   10.67457   -1.09316   18.69708
   77    -2.87689  -0.01589   16.37916   10.37238   -1.13868   19.54736
   78    -3.00079  -0.00803   15.98655   10.27445   -1.18252   20.19434
   79    -3.12351   0.00354   15.65340    9.92120   -1.22200   21.50354
   80    -3.25638  -0.01720   15.20771    9.80588   -1.27860   22.44531
   81    -3.38428  -0.00124   15.02493    9.62110   -1.32552   23.39490
   82    -3.48973   0.00402   14.81213    9.43989   -1.36604   24.67639
   83    -3.61657   0.00731   14.49789    9.21070   -1.41860   25.27368
   84         NaN       NaN        NaN        NaN    1.00000    3.34979
   85         NaN       NaN        NaN        NaN   -3.00000    2.53156
   86         NaN       NaN        NaN        NaN    1.00000    2.53522
   87         NaN       NaN        NaN        NaN    1.00000    2.52136
   88         NaN       NaN        NaN        NaN    1.00000    2.53094
   89         NaN       NaN        NaN        NaN   -3.00000    2.54230
   90         NaN       NaN        NaN        NaN    1.00000    2.55713
   91         NaN       NaN        NaN        NaN    1.00000    2.48932
   92         NaN       NaN        NaN        NaN    1.00000    2.56659
   93         NaN       NaN        NaN        NaN   -3.00000    2.55133
   94     5.00000   0.00000    0.00000        NaN    5.00000    2.43549
   95         NaN       NaN        NaN        NaN   -3.00000    2.55157
   96         NaN       NaN        NaN        NaN   -3.00000    2.52057
   97         NaN       NaN        NaN        NaN    1.00000    2.52631
   98         NaN       NaN        NaN        NaN    1.00000    2.51501
   99         NaN       NaN        NaN        NaN    1.00000    2.48212
  100         NaN       NaN        NaN        NaN    1.00000    2.48285
    1         NaN       NaN        NaN        NaN    1.00000    2.51208
    2         NaN       NaN        NaN        NaN    1.00000    2.47040
    3         NaN       NaN        NaN        NaN    1.00000    2.52979
    4         NaN       NaN        NaN        NaN    1.00000    2.52130
    5         NaN       NaN        NaN        NaN    1.00000    2.46552
    6         NaN       NaN        NaN        NaN   -3.00000    2.54028
    7         NaN       NaN        NaN        NaN    1.00000    2.52283
    8         NaN       NaN        NaN        NaN    1.00000    2.50891
    9         NaN       NaN        NaN        NaN    1.00000    2.48529
   10         NaN       NaN        NaN        NaN   -3.00000    2.55896
   11         NaN       NaN        NaN        NaN    1.00000    2.70776
   12         NaN       NaN        NaN        NaN    1.00000    2.55402
   13         NaN       NaN        NaN        NaN   -3.00000    2.54749
   14         NaN       NaN        NaN        NaN    1.00000    2.55872
