            1  -1.0004043579101563E-003
            2   0.1493379473686218     
            3   0.3859667181968689     
            4   0.5660908818244934     
            5  -0.3801999092102051     
            6  -0.6422958374023438     
            7  -0.7470142841339111     
            8  -0.9299336671829224     
            9  -0.6490008831024170     
           10   9.5272660255432129E-002
           11   0.4827446937561035     
           12   0.3252475857734680     
           13  -0.3307650089263916     
           14   9.4966232776641846E-002
           15   0.7548993825912476     
           16  -0.7735989093780518     
           17  -0.7368210554122925     
           18   0.6682344973087311     
           19  -0.7556958198547363     
           20   0.1408661007881165     
           21  -0.7924919724464417     
           22   0.1170209646224976     
           23   0.9740613698959351     
           24   0.5027101039886475     
           25  -0.2109324932098389     
           26   0.8565089702606201     
           27  -0.9782516956329346     
           28  -0.5086833238601685     
           29  -0.8225374817848206     
           30  -0.8801674246788025     
           31  -0.2384573221206665     
           32  -0.7331510782241821     
           33  -0.7350844144821167     
           34   0.9142836332321167     
           35  -0.5484018921852112     
           36  -0.4827614426612854     
           37   0.1259828805923462     
           38  -0.5275763869285583     
           39   3.1304597854614258E-002
           40  -0.5743405818939209     
           41  -0.9800513386726379     
           42   0.9150503873825073     
           43  -0.6710674762725830     
           44   5.3052902221679688E-002
           45  -8.3023846149444580E-002
           46  -0.8025888204574585     
           47  -0.9651170372962952     
           48   9.0475201606750488E-002
           49   0.3199019432067871     
           50   0.1818916797637939     
           51  -0.8883051872253418     
           52  -0.5135189294815063     
           53   0.6077138185501099     
           54  -0.5541152358055115     
           55   0.6543153524398804     
           56   0.1429994106292725     
           57  -8.7859451770782471E-002
           58   0.6276625394821167     
           59  -0.6390648484230042     
           60   0.9832478761672974     
           61  -0.8039476275444031     
           62   0.8291167020797729     
           63   0.8250737190246582     
           64  -0.6041818857192993     
           65   7.3723196983337402E-002
           66   0.5159542560577393     
           67   1.1008381843566895E-002
           68   0.9367685317993164     
           69  -0.1177008152008057     
           70  -0.3185630440711975     
           71   0.9618390798568726     
           72  -0.3346762657165527     
           73   7.9767942428588867E-002
           74   0.7944396734237671     
           75  -0.6909005641937256     
           76  -0.6772258281707764     
           77  -0.3514283895492554     
           78   0.2758203744888306     
           79   0.6235563755035400     
           80  -0.8658268451690674     
           81  -0.2814077138900757     
           82   0.7222948074340820     
           83  -0.2082253694534302     
           84  -0.3654352426528931     
           85  -0.9290583133697510     
           86   0.6008914709091187     
           87  -0.5962682962417603     
           88  -0.2463863492012024     
           89   0.2998884916305542     
           90   0.1507096290588379     
           91   0.3953312635421753     
           92  -0.2871688008308411     
           93   7.6387882232666016E-002
           94   0.9484601020812988     
           95  -0.5734700560569763     
           96   1.8887639045715332E-002
           97  -0.1529956459999084     
           98   0.7949801683425903     
           99   0.6707547903060913     
          100   0.2183045148849487     
          101   0.6534523963928223     
          102  -8.2053959369659424E-002
          103   0.3958716392517090     
          104  -0.9255134463310242     
          105   0.9719182252883911     
          106  -4.6659171581268311E-002
          107  -0.9313443899154663     
          108  -0.2087971568107605     
          109  -0.2126822471618652     
          110   4.8305988311767578E-002
          111  -9.8199129104614258E-002
          112  -0.5048144459724426     
          113   0.8100904226303101     
          114   0.6343221664428711     
          115  -0.1567138433456421     
          116  -0.4274442791938782     
          117   0.7134901285171509     
          118   0.4635428190231323     
          119  -0.4477318525314331     
          120  -0.7608422636985779     
