

 Enter MINRES-QLP.      Solution of symmetric   Ax = b
 n        =    240      ||b||    =   1.11E+00   precon   =   F
 itnlim   =    960      rtol     =   2.22E-16   shift    =   0.00000000000000E+00
 maxxnorm =   1.00E+07  Acondlim =   1.00E+15   trancond =   1.00E+07


    iter   x(1)              xnorm     rnorm     Arnorm   Compatible   LS      norm(A)   cond(A)
       0   0.0000000000E+00  0.00E+00  1.11E+00  1.65E+01  1.00E+00  1.00E+00  0.00E+00  1.00E+00  
       1   2.5997597894E-03  7.23E-02  2.78E-01  1.35E+00  1.28E-01  3.10E-01  1.48E+01  1.00E+00  
       2   1.1775047827E-03  1.01E-01  1.44E-01  4.16E-01  5.34E-02  1.85E-01  1.57E+01  3.38E+00  
       3   8.7239083198E-04  1.28E-01  1.01E-01  2.36E-01  3.27E-02  1.49E-01  1.57E+01  6.75E+00  
       4  -4.4317657544E-04  1.61E-01  7.70E-02  1.58E-01  2.12E-02  1.31E-01  1.57E+01  1.15E+01  
       5  -2.8353275883E-03  2.00E-01  5.89E-02  1.37E-01  1.39E-02  1.48E-01  1.57E+01  1.69E+01  
       6  -3.0063764117E-03  2.40E-01  4.40E-02  6.56E-02  9.05E-03  9.54E-02  1.57E+01  2.04E+01  
       7  -3.3444540393E-03  2.64E-01  3.73E-02  4.51E-02  7.12E-03  7.72E-02  1.57E+01  2.22E+01  
       8  -4.2779507753E-03  3.10E-01  2.75E-02  4.39E-02  4.60E-03  1.02E-01  1.57E+01  4.06E+01  
       9  -4.4737045110E-03  3.32E-01  2.33E-02  1.56E-02  3.69E-03  4.27E-02  1.57E+01  3.23E+01  

      10  -5.1922241187E-03  3.59E-01  1.98E-02  2.03E-02  2.94E-03  6.55E-02  1.57E+01  5.36E+01  
      20  -1.4415185599E-02  6.36E-01  4.17E-03  9.49E-04  3.77E-04  1.45E-02  1.57E+01  2.13E+02  
      30  -1.8089517098E-02  7.20E-01  1.61E-03  2.75E-04  1.30E-04  1.09E-02  1.57E+01  3.63E+02  
      40  -1.8809184793E-02  7.64E-01  8.40E-04  1.31E-04  6.43E-05  9.94E-03  1.57E+01  5.05E+02  
      50  -1.9811782493E-02  7.92E-01  5.29E-04  2.20E-04  3.92E-05  2.66E-02  1.57E+01  1.04E+03  
      60  -2.0517435594E-02  8.17E-01  3.54E-04  9.47E-05  2.54E-05  1.71E-02  1.57E+01  1.25E+03  
      70  -2.1448490221E-02  8.44E-01  2.58E-04  2.03E-04  1.80E-05  5.04E-02  1.57E+01  3.17E+03  
      80  -2.2058722956E-02  8.60E-01  2.26E-04  3.57E-05  1.55E-05  1.01E-02  1.57E+01  3.74E+03  
      90  -2.3288760941E-02  8.91E-01  1.79E-04  1.20E-05  1.19E-05  4.28E-03  1.57E+01  3.89E+03  
     100  -2.4206710795E-02  9.20E-01  1.50E-04  8.64E-06  9.68E-06  3.67E-03  1.57E+01  7.91E+03  
     110  -2.5181887329E-02  9.44E-01  1.32E-04  1.63E-05  8.33E-06  7.85E-03  1.57E+01  7.91E+03  
     120  -2.8314806620E-02  9.81E-01  1.10E-04  3.18E-05  6.71E-06  1.84E-02  1.57E+01  9.41E+03  
     130  -3.2279287392E-02  1.02E+00  9.33E-05  3.62E-05  5.46E-06  2.48E-02  1.57E+01  1.02E+04  
     140  -3.4519113740E-02  1.04E+00  8.52E-05  5.16E-05  4.88E-06  3.87E-02  1.57E+01  1.57E+04  
     150  -3.7958646455E-02  1.09E+00  7.21E-05  2.95E-05  3.98E-06  2.61E-02  1.57E+01  1.57E+04  
     160  -4.1920860640E-02  1.15E+00  5.60E-05  3.25E-05  2.94E-06  3.71E-02  1.57E+01  1.57E+04  
     170  -4.3901470245E-02  1.18E+00  4.72E-05  3.18E-06  2.41E-06  4.30E-03  1.57E+01  1.57E+04  
     180  -4.5015370621E-02  1.23E+00  3.69E-05  2.52E-05  1.81E-06  4.36E-02  1.57E+01  3.20E+04  
     190  -4.5589183412E-02  1.25E+00  3.31E-05  2.87E-06  1.60E-06  5.53E-03  1.57E+01  3.20E+04  
     200  -4.5921622195E-02  1.27E+00  3.14E-05  3.43E-05  1.50E-06  6.99E-02  1.57E+01  3.20E+04  
     210  -4.6143417898E-02  1.28E+00  2.97E-05  3.80E-06  1.41E-06  8.17E-03  1.57E+01  3.20E+04  
     220  -4.5692220777E-02  1.31E+00  2.68E-05  4.63E-06  1.24E-06  1.11E-02  1.57E+01  3.20E+04  
     230  -4.4819669937E-02  1.33E+00  2.46E-05  3.17E-07  1.12E-06  8.23E-04  1.57E+01  4.93E+04  
     240  -4.4290263463E-02  1.35E+00  2.33E-05  1.14E-05  1.05E-06  3.12E-02  1.57E+01  5.01E+04  
     250  -4.3737928550E-02  1.37E+00  2.20E-05  1.62E-06  9.76E-07  4.72E-03  1.57E+01  5.45E+04  
     260  -4.3292208754E-02  1.38E+00  2.10E-05  2.23E-06  9.22E-07  6.79E-03  1.57E+01  5.45E+04  
     270  -4.2725638473E-02  1.40E+00  2.01E-05  4.13E-06  8.75E-07  1.31E-02  1.57E+01  5.45E+04  
     280  -4.2231080185E-02  1.41E+00  1.94E-05  2.68E-06  8.36E-07  8.81E-03  1.57E+01  6.14E+04  
     290  -4.1391607544E-02  1.44E+00  1.83E-05  5.72E-06  7.73E-07  2.00E-02  1.57E+01  6.14E+04  
     300  -4.1055321160E-02  1.45E+00  1.77E-05  9.09E-07  7.43E-07  3.28E-03  1.57E+01  6.14E+04  
     310  -4.0664287411E-02  1.47E+00  1.70E-05  8.35E-06  7.03E-07  3.14E-02  1.57E+01  6.14E+04  
     320  -4.0383717894E-02  1.50E+00  1.60E-05  3.46E-06  6.52E-07  1.38E-02  1.57E+01  9.42E+04  
     330  -4.0184223523E-02  1.52E+00  1.54E-05  4.30E-06  6.17E-07  1.78E-02  1.57E+01  9.42E+04  
     340  -3.9922437558E-02  1.55E+00  1.46E-05  6.62E-07  5.74E-07  2.90E-03  1.57E+01  9.42E+04  
     350  -3.9595958328E-02  1.59E+00  1.38E-05  3.36E-07  5.30E-07  1.56E-03  1.57E+01  1.27E+05  
     360  -3.9472631807E-02  1.61E+00  1.33E-05  1.97E-06  5.07E-07  9.45E-03  1.57E+01  1.36E+05  
     370  -3.9332544320E-02  1.63E+00  1.28E-05  3.31E-06  4.78E-07  1.66E-02  1.57E+01  1.36E+05  
     380  -3.9170454777E-02  1.67E+00  1.20E-05  6.77E-06  4.41E-07  3.60E-02  1.57E+01  1.36E+05  
     390  -3.9087553344E-02  1.69E+00  1.16E-05  3.81E-07  4.21E-07  2.10E-03  1.57E+01  1.36E+05  
     400  -3.8979491347E-02  1.72E+00  1.10E-05  5.65E-07  3.93E-07  3.27E-03  1.57E+01  1.36E+05  
     410  -3.8921772370E-02  1.74E+00  1.07E-05  1.52E-07  3.76E-07  9.13E-04  1.57E+01  1.36E+05  
     420  -3.8892875739E-02  1.77E+00  1.02E-05  1.73E-06  3.54E-07  1.08E-02  1.57E+01  1.36E+05  
     430  -3.9071512546E-02  1.79E+00  9.82E-06  1.10E-06  3.36E-07  7.18E-03  1.57E+01  1.36E+05  
     440  -3.9215829038E-02  1.81E+00  9.53E-06  2.67E-07  3.23E-07  1.79E-03  1.57E+01  1.36E+05  
     450  -3.9296418957E-02  1.83E+00  9.32E-06  1.12E-06  3.13E-07  7.68E-03  1.57E+01  1.36E+05  
     460  -3.9343135225E-02  1.85E+00  9.09E-06  1.17E-06  3.02E-07  8.24E-03  1.57E+01  1.51E+05  
     470  -3.9376325035E-02  1.86E+00  8.98E-06  4.15E-07  2.96E-07  2.95E-03  1.57E+01  1.51E+05  
     480  -3.9561436966E-02  1.90E+00  8.65E-06  2.36E-07  2.81E-07  1.74E-03  1.57E+01  1.51E+05  
     490  -3.9926913457E-02  1.94E+00  8.25E-06  1.62E-07  2.62E-07  1.25E-03  1.57E+01  2.97E+05  
     500  -4.0061512950E-02  1.96E+00  8.11E-06  6.99E-07  2.55E-07  5.51E-03  1.57E+01  2.97E+05  
     510  -4.0462315041E-02  2.02E+00  7.67E-06  1.64E-06  2.35E-07  1.37E-02  1.57E+01  2.97E+05  
     520  -4.0749488006E-02  2.06E+00  7.34E-06  2.01E-07  2.20E-07  1.75E-03  1.57E+01  2.97E+05  
     530  -4.0912202108E-02  2.08E+00  7.20E-06  9.25E-07  2.14E-07  8.21E-03  1.57E+01  2.97E+05  
     540  -4.1244052112E-02  2.11E+00  6.91E-06  1.23E-06  2.02E-07  1.14E-02  1.57E+01  2.97E+05  
     550  -4.1531944322E-02  2.15E+00  6.67E-06  8.04E-07  1.92E-07  7.70E-03  1.57E+01  2.97E+05  
     560  -4.1947462630E-02  2.19E+00  6.33E-06  7.13E-07  1.78E-07  7.20E-03  1.57E+01  3.25E+05  
     570  -4.2291806720E-02  2.23E+00  6.03E-06  1.88E-07  1.67E-07  1.99E-03  1.57E+01  3.25E+05  
     580  -4.2966214734E-02  2.32E+00  5.41E-06  6.05E-07  1.45E-07  7.15E-03  1.57E+01  3.75E+05  
     590  -4.3075056972E-02  2.33E+00  5.30E-06  4.37E-06  1.41E-07  5.27E-02  1.57E+01  3.75E+05  
     600  -4.3235134642E-02  2.35E+00  5.17E-06  1.04E-06  1.36E-07  1.29E-02  1.57E+01  3.75E+05  
     610  -4.3503977112E-02  2.38E+00  4.94E-06  2.38E-07  1.29E-07  3.08E-03  1.57E+01  3.75E+05  
     620  -4.3587310371E-02  2.39E+00  4.86E-06  3.08E-07  1.26E-07  4.04E-03  1.57E+01  3.75E+05  
     630  -4.4159471285E-02  2.47E+00  4.32E-06  3.56E-07  1.09E-07  5.27E-03  1.57E+01  4.72E+05  
     640  -4.4266637428E-02  2.48E+00  4.20E-06  7.20E-08  1.05E-07  1.09E-03  1.57E+01  4.72E+05  
     650  -4.4625635970E-02  2.53E+00  3.81E-06  9.47E-07  9.36E-08  1.59E-02  1.57E+01  4.72E+05  
     660  -4.4738418604E-02  2.55E+00  3.71E-06  2.70E-07  9.05E-08  4.65E-03  1.57E+01  4.72E+05  
     670  -4.5214104331E-02  2.59E+00  3.37E-06  7.22E-07  8.11E-08  1.37E-02  1.57E+01  4.72E+05  
     680  -4.5308004857E-02  2.60E+00  3.30E-06  9.01E-07  7.89E-08  1.75E-02  1.57E+01  4.72E+05  
     690  -4.5385635984E-02  2.60E+00  3.22E-06  2.42E-07  7.70E-08  4.79E-03  1.57E+01  4.72E+05  
     700  -4.5535038052E-02  2.63E+00  3.05E-06  1.28E-07  7.23E-08  2.68E-03  1.57E+01  4.72E+05  
     710  -4.5578696705E-02  2.63E+00  3.01E-06  4.41E-07  7.11E-08  9.36E-03  1.57E+01  4.72E+05  
     720  -4.5625872525E-02  2.64E+00  2.97E-06  4.63E-08  7.00E-08  9.96E-04  1.57E+01  4.72E+05  
     730  -4.5749042158E-02  2.65E+00  2.85E-06  2.04E-07  6.70E-08  4.57E-03  1.57E+01  4.72E+05  
     740  -4.5798510433E-02  2.66E+00  2.81E-06  1.21E-07  6.60E-08  2.75E-03  1.57E+01  4.72E+05  
     750  -4.5855522337E-02  2.66E+00  2.78E-06  4.03E-07  6.49E-08  9.27E-03  1.57E+01  4.72E+05  
     760  -4.5957624247E-02  2.67E+00  2.72E-06  2.12E-07  6.33E-08  4.99E-03  1.57E+01  4.72E+05  
     770  -4.6111089436E-02  2.68E+00  2.63E-06  4.08E-07  6.10E-08  9.92E-03  1.57E+01  4.72E+05  
     780  -4.6209652961E-02  2.69E+00  2.58E-06  3.29E-07  5.97E-08  8.15E-03  1.57E+01  4.72E+05  
     790  -4.6260299478E-02  2.69E+00  2.56E-06  1.31E-07  5.91E-08  3.27E-03  1.57E+01  4.72E+05  
     800  -4.6400101374E-02  2.70E+00  2.51E-06  6.22E-07  5.79E-08  1.58E-02  1.57E+01  4.72E+05  
     810  -4.6549330219E-02  2.71E+00  2.46E-06  1.57E-07  5.67E-08  4.07E-03  1.57E+01  4.72E+05  
     820  -4.7035098730E-02  2.73E+00  2.30E-06  1.32E-07  5.24E-08  3.67E-03  1.57E+01  4.72E+05  
     830  -4.7315772688E-02  2.75E+00  2.20E-06  1.69E-07  4.97E-08  4.92E-03  1.57E+01  6.59E+05  
     840  -4.7381569743E-02  2.75E+00  2.17E-06  1.56E-07  4.91E-08  4.58E-03  1.57E+01  6.59E+05  
     850  -4.7454801728E-02  2.76E+00  2.15E-06  1.04E-08  4.85E-08  3.08E-04  1.57E+01  6.59E+05  
     860  -4.7649628092E-02  2.77E+00  2.10E-06  9.07E-07  4.72E-08  2.76E-02  1.57E+01  6.59E+05  
     870  -4.7919967915E-02  2.78E+00  2.02E-06  1.30E-08  4.53E-08  4.09E-04  1.57E+01  6.59E+05  
     880  -4.7983226276E-02  2.78E+00  2.01E-06  2.89E-07  4.49E-08  9.20E-03  1.57E+01  6.59E+05  
     890  -4.8094250378E-02  2.79E+00  1.98E-06  7.34E-07  4.42E-08  2.37E-02  1.57E+01  6.59E+05  
     900  -4.9346071511E-02  2.86E+00  1.60E-06  8.99E-08  3.48E-08  3.59E-03  1.57E+01  1.39E+06  
     910  -4.9796664226E-02  2.89E+00  1.44E-06  2.91E-07  3.10E-08  1.29E-02  1.57E+01  1.39E+06  
     920  -4.9945184618E-02  2.90E+00  1.38E-06  1.54E-07  2.97E-08  7.12E-03  1.57E+01  1.39E+06  
     930  -5.0128872168E-02  2.91E+00  1.31E-06  2.06E-07  2.81E-08  1.00E-02  1.57E+01  1.39E+06  
     940  -5.0450340420E-02  2.93E+00  1.18E-06  5.98E-07  2.51E-08  3.24E-02  1.57E+01  1.39E+06  
     949  -5.0880730518E-02  2.96E+00  9.78E-07  2.05E-08  2.06E-08  1.34E-03  1.57E+01  9.17E+05  

     950  -5.0881412152E-02  2.96E+00  9.77E-07  1.35E-07  2.06E-08  8.81E-03  1.57E+01  1.39E+06  
     951  -5.0882814640E-02  2.96E+00  9.77E-07  2.29E-08  2.06E-08  1.50E-03  1.57E+01  9.17E+05  
     952  -5.0885618200E-02  2.96E+00  9.75E-07  7.79E-09  2.05E-08  5.10E-04  1.57E+01  1.39E+06  
     953  -5.0886929075E-02  2.96E+00  9.75E-07  1.12E-07  2.05E-08  7.34E-03  1.57E+01  9.17E+05  
     954  -5.0887666575E-02  2.96E+00  9.74E-07  2.55E-08  2.05E-08  1.67E-03  1.57E+01  1.39E+06  
     955  -5.0888413124E-02  2.96E+00  9.74E-07  2.16E-07  2.05E-08  1.42E-02  1.57E+01  9.17E+05  
     956  -5.0890935193E-02  2.96E+00  9.72E-07  4.33E-07  2.05E-08  2.85E-02  1.57E+01  1.39E+06  
     957  -5.0892623504E-02  2.96E+00  9.72E-07  5.99E-08  2.05E-08  3.94E-03  1.57E+01  9.17E+05  
     958  -5.0901099229E-02  2.96E+00  9.67E-07  1.35E-07  2.04E-08  8.93E-03  1.57E+01  1.39E+06  
     959  -5.0905060434E-02  2.96E+00  9.65E-07  1.69E-07  2.03E-08  1.12E-02  1.57E+01  9.17E+05  

     960  -5.0917091056E-02  2.96E+00  9.58E-07  4.98E-08  2.02E-08  3.32E-03  1.57E+01  1.39E+06  

 Exit  MINRES-QLP.       istop =  8              itn    =     960
 Exit  MINRES-QLP.       Anorm =  1.5656E+01     Acond  =  1.3936E+06
 Exit  MINRES-QLP.       rnorm =  9.5844E-07     Arnorm =  4.9818E-08
 Exit  MINRES-QLP.       xnorm =  2.9643E+00
 Exit  MINRES-QLP.       The iteration limit was reached.                                 
