

 Enter MINRES-QLP.      Solution of Hermitian   Ax = b
 n        =    230      checkA   =   T          precon   =   F
 itnlim   =    920      rtol     =   2.22E-16   shift    =   0.00000000000000E+00
 maxxnorm =   1.00E+07  Acondlim =   1.00E+15   trancond =   1.00E+07


    iter         x(1)                           xnorm     rnorm     Arnorm   Compatible   LS      norm(A)   cond(A)
       0   0.0000000000E+00   0.0000000000E+00  0.00E+00  2.79E+00  1.72E+03  1.00E+00  1.00E+00  0.00E+00  1.00E+00  
       1   1.5467604242E-04   7.7780388952E-06  4.10E-03  1.18E+00  5.72E+02  2.21E-01  6.18E-01  6.18E+02  1.00E+00  
       2   3.2519844997E-04   1.7462596373E-05  5.71E-03  7.68E-01  1.08E+02  1.06E-01  1.78E-01  7.85E+02  1.95E+00  
       3   8.7475258192E-04   4.9767323952E-05  9.20E-03  5.66E-01  4.23E+01  5.65E-02  9.52E-02  7.85E+02  7.27E+00  
       4   2.4253784065E-03   1.5075096911E-04  1.83E-02  3.53E-01  5.97E+00  2.06E-02  2.15E-02  7.85E+02  1.88E+01  
       5   4.9322793674E-03   3.3739105850E-04  2.68E-02  3.12E-01  5.51E+00  1.30E-02  2.25E-02  7.85E+02  5.42E+01  
       6   1.0718884324E-02   7.9210965195E-04  4.92E-02  2.61E-01  4.46E+00  6.28E-03  2.18E-02  7.85E+02  1.16E+02  
       7   1.6539579592E-02   1.1984230437E-03  7.28E-02  2.22E-01  1.78E+00  3.70E-03  1.02E-02  7.85E+02  1.45E+02  
       8   2.7849115501E-02   1.8009565695E-03  1.20E-01  1.68E-01  2.30E+00  1.73E-03  1.74E-02  7.85E+02  2.79E+02  
       9   3.3697526575E-02   2.0390309613E-03  1.46E-01  1.41E-01  1.40E+00  1.20E-03  1.27E-02  7.85E+02  2.33E+02  

      10   3.7131054937E-02   1.9996750570E-03  1.62E-01  1.27E-01  3.29E+01  9.76E-04  3.30E-01  7.85E+02  2.79E+02  
      20   5.3621549738E-02   1.4597960470E-03  2.76E-01  5.83E-02  1.66E+00  2.65E-04  3.05E-02  7.85E+02  4.78E+02  
      30   6.7578864807E-02  -7.9344459799E-05  4.47E-01  2.96E-02  3.10E-02  7.06E-05  1.13E-03  9.31E+02  3.11E+03  
      40   8.2610355183E-02  -5.5849172026E-03  6.26E-01  2.03E-02  4.64E-01  3.46E-05  2.46E-02  9.31E+02  5.12E+03  
      50   9.6884741393E-02  -1.3969334182E-02  7.95E-01  1.59E-02  2.08E-02  2.14E-05  1.40E-03  9.31E+02  6.26E+03  
      60   1.1314673207E-01  -2.3334143983E-02  1.01E+00  1.23E-02  3.80E-02  1.31E-05  3.32E-03  9.31E+02  1.13E+04  
      70   1.2783242785E-01  -3.2816446189E-02  1.22E+00  9.80E-03  1.44E-01  8.63E-06  1.58E-02  9.31E+02  1.56E+04  
      80   1.3760358620E-01  -4.1619102178E-02  1.37E+00  8.41E-03  8.91E-02  6.60E-06  1.14E-02  9.31E+02  1.56E+04  
      90   1.4756431074E-01  -5.2691033217E-02  1.52E+00  7.29E-03  9.12E-02  5.16E-06  1.34E-02  9.31E+02  2.42E+04  
     100   1.6185028097E-01  -6.8544760453E-02  1.73E+00  6.10E-03  3.80E-01  3.79E-06  6.68E-02  9.31E+02  2.70E+04  
     110   1.6881142007E-01  -7.7271202551E-02  1.83E+00  5.61E-03  6.38E-02  3.28E-06  1.22E-02  9.31E+02  3.06E+04  
     120   1.7929919722E-01  -9.2741081283E-02  2.03E+00  4.88E-03  1.90E-01  2.58E-06  4.19E-02  9.33E+02  3.16E+04  
     130   1.8649452400E-01  -1.0659386357E-01  2.20E+00  4.34E-03  6.71E-02  2.12E-06  1.66E-02  9.33E+02  4.08E+04  
     140   1.9242716819E-01  -1.2209054722E-01  2.38E+00  3.81E-03  6.56E-02  1.71E-06  1.85E-02  9.33E+02  5.02E+04  
     150   1.9703305768E-01  -1.3674505527E-01  2.56E+00  3.34E-03  8.43E-02  1.40E-06  2.71E-02  9.33E+02  8.64E+04  
     160   1.9991794555E-01  -1.5038539092E-01  2.73E+00  2.93E-03  6.40E-03  1.15E-06  2.34E-03  9.33E+02  8.64E+04  
     170   2.0012449597E-01  -1.5917030382E-01  2.83E+00  2.69E-03  3.89E-03  1.02E-06  1.55E-03  9.33E+02  8.64E+04  
     180   1.9903131519E-01  -1.6826319602E-01  2.94E+00  2.49E-03  9.91E-03  9.09E-07  4.26E-03  9.33E+02  8.64E+04  
     190   1.9702809703E-01  -1.7732833052E-01  3.03E+00  2.32E-03  3.19E-03  8.20E-07  1.47E-03  9.33E+02  8.64E+04  
     200   1.9394563179E-01  -1.8736974898E-01  3.13E+00  2.16E-03  6.89E-03  7.39E-07  3.42E-03  9.33E+02  8.64E+04  
     210   1.9012503711E-01  -1.9903774528E-01  3.25E+00  1.99E-03  2.84E-03  6.56E-07  1.53E-03  9.33E+02  8.64E+04  
     220   1.8623613706E-01  -2.1136119224E-01  3.37E+00  1.82E-03  3.56E-03  5.77E-07  2.10E-03  9.33E+02  1.22E+05  
     230   1.8319505336E-01  -2.2055693506E-01  3.47E+00  1.69E-03  1.05E-02  5.21E-07  6.67E-03  9.33E+02  1.22E+05  
     240   1.7956443420E-01  -2.3125948942E-01  3.59E+00  1.54E-03  8.53E-03  4.61E-07  5.92E-03  9.33E+02  1.22E+05  
     250   1.7714565355E-01  -2.3895650795E-01  3.67E+00  1.45E-03  5.39E-03  4.23E-07  3.99E-03  9.33E+02  1.22E+05  
     260   1.7410447074E-01  -2.4973021816E-01  3.78E+00  1.32E-03  7.42E-03  3.75E-07  6.01E-03  9.33E+02  1.35E+05  
     270   1.7175824175E-01  -2.5866164970E-01  3.87E+00  1.22E-03  1.47E-02  3.38E-07  1.29E-02  9.33E+02  1.35E+05  
     280   1.6972746079E-01  -2.6674771479E-01  3.95E+00  1.14E-03  3.75E-03  3.08E-07  3.53E-03  9.33E+02  1.35E+05  
     290   1.6710931536E-01  -2.7723588030E-01  4.06E+00  1.04E-03  3.41E-03  2.74E-07  3.52E-03  9.33E+02  1.71E+05  
     300   1.6543575916E-01  -2.8417932356E-01  4.12E+00  9.74E-04  1.29E-03  2.53E-07  1.41E-03  9.33E+02  1.71E+05  
     310   1.6370301716E-01  -2.9206729396E-01  4.20E+00  9.06E-04  1.23E-02  2.31E-07  1.46E-02  9.33E+02  1.71E+05  
     320   1.6242051342E-01  -2.9857577446E-01  4.25E+00  8.52E-04  5.98E-04  2.14E-07  7.52E-04  9.33E+02  1.71E+05  
     330   1.6115767476E-01  -3.0479389970E-01  4.31E+00  8.01E-04  2.57E-04  1.99E-07  3.44E-04  9.33E+02  1.71E+05  
     340   1.5874204093E-01  -3.1385005388E-01  4.40E+00  7.27E-04  1.91E-03  1.77E-07  2.82E-03  9.33E+02  2.10E+05  
     350   1.5663664263E-01  -3.1952421942E-01  4.45E+00  6.81E-04  1.07E-02  1.64E-07  1.69E-02  9.33E+02  2.10E+05  
     360   1.5501156329E-01  -3.2295670587E-01  4.48E+00  6.54E-04  2.86E-03  1.56E-07  4.68E-03  9.33E+02  2.10E+05  
     370   1.5109233198E-01  -3.3022954711E-01  4.54E+00  6.00E-04  3.89E-03  1.42E-07  6.95E-03  9.33E+02  2.62E+05  
     380   1.4615350576E-01  -3.3792063431E-01  4.61E+00  5.47E-04  8.65E-04  1.27E-07  1.70E-03  9.33E+02  2.62E+05  
     390   1.4387677476E-01  -3.4130026457E-01  4.63E+00  5.25E-04  2.57E-02  1.21E-07  5.25E-02  9.33E+02  2.62E+05  
     400   1.3970620783E-01  -3.4760425950E-01  4.68E+00  4.87E-04  3.01E-04  1.12E-07  6.63E-04  9.33E+02  2.62E+05  
     410   1.3603974989E-01  -3.5334654570E-01  4.72E+00  4.55E-04  1.09E-03  1.03E-07  2.58E-03  9.33E+02  2.62E+05  
     420   1.3382225844E-01  -3.5692212528E-01  4.74E+00  4.36E-04  1.42E-03  9.85E-08  3.49E-03  9.33E+02  2.62E+05  
     430   1.2938469440E-01  -3.6453404642E-01  4.79E+00  3.99E-04  7.96E-03  8.93E-08  2.14E-02  9.33E+02  2.62E+05  
     440   1.2680257301E-01  -3.6936311374E-01  4.81E+00  3.78E-04  4.70E-04  8.40E-08  1.33E-03  9.33E+02  2.62E+05  
     450   1.2465901429E-01  -3.7380456907E-01  4.84E+00  3.59E-04  9.59E-03  7.95E-08  2.86E-02  9.33E+02  2.62E+05  
     460   1.2332892902E-01  -3.7687666969E-01  4.85E+00  3.47E-04  7.10E-03  7.67E-08  2.19E-02  9.33E+02  2.62E+05  
     470   1.2141029051E-01  -3.8163409585E-01  4.88E+00  3.30E-04  5.46E-03  7.24E-08  1.77E-02  9.33E+02  2.62E+05  
     480   1.1889845313E-01  -3.8825642666E-01  4.91E+00  3.06E-04  1.76E-03  6.69E-08  6.17E-03  9.33E+02  2.62E+05  
     490   1.1679084468E-01  -3.9390099580E-01  4.93E+00  2.87E-04  4.24E-03  6.23E-08  1.58E-02  9.33E+02  2.63E+05  
     500   1.1468521695E-01  -3.9955970535E-01  4.96E+00  2.68E-04  1.93E-03  5.80E-08  7.73E-03  9.33E+02  2.63E+05  
     510   1.1279582657E-01  -4.0465250640E-01  4.98E+00  2.52E-04  2.52E-03  5.43E-08  1.07E-02  9.33E+02  2.63E+05  
     520   1.1071261960E-01  -4.1029454312E-01  5.00E+00  2.35E-04  2.48E-04  5.04E-08  1.13E-03  9.33E+02  2.63E+05  
     530   1.0876025656E-01  -4.1567817113E-01  5.02E+00  2.20E-04  2.80E-04  4.70E-08  1.36E-03  9.33E+02  3.84E+05  
     540   1.0672057472E-01  -4.2129099332E-01  5.04E+00  2.05E-04  1.49E-03  4.35E-08  7.81E-03  9.33E+02  3.84E+05  
     550   1.0493349886E-01  -4.2604894848E-01  5.05E+00  1.92E-04  6.68E-04  4.07E-08  3.73E-03  9.33E+02  3.84E+05  
     560   1.0238242170E-01  -4.3257836998E-01  5.07E+00  1.74E-04  4.96E-05  3.68E-08  3.05E-04  9.33E+02  3.84E+05  
     570   1.0056031862E-01  -4.3699136233E-01  5.09E+00  1.62E-04  2.25E-04  3.40E-08  1.49E-03  9.33E+02  3.84E+05  
     580   9.9473486243E-02  -4.3949403447E-01  5.09E+00  1.54E-04  2.11E-03  3.24E-08  1.47E-02  9.33E+02  3.84E+05  
     590   9.8116878419E-02  -4.4244043406E-01  5.10E+00  1.45E-04  6.15E-04  3.05E-08  4.54E-03  9.33E+02  3.84E+05  
     600   9.6620171455E-02  -4.4543785854E-01  5.11E+00  1.36E-04  8.05E-04  2.84E-08  6.36E-03  9.33E+02  3.84E+05  
     610   9.5104619555E-02  -4.4811248349E-01  5.12E+00  1.26E-04  4.20E-05  2.64E-08  3.56E-04  9.33E+02  3.84E+05  
     620   9.3235714619E-02  -4.5092418624E-01  5.14E+00  1.16E-04  6.67E-04  2.42E-08  6.17E-03  9.33E+02  3.84E+05  
     630   9.1880301785E-02  -4.5260436814E-01  5.14E+00  1.09E-04  9.17E-05  2.26E-08  9.06E-04  9.33E+02  3.84E+05  
     640   9.1210356534E-02  -4.5327305821E-01  5.15E+00  1.05E-04  2.96E-04  2.19E-08  3.01E-03  9.33E+02  3.84E+05  
     650   9.0062341536E-02  -4.5425961128E-01  5.15E+00  9.98E-05  4.19E-04  2.08E-08  4.50E-03  9.33E+02  3.84E+05  
     660   8.7922079754E-02  -4.5554785346E-01  5.16E+00  9.07E-05  1.87E-04  1.88E-08  2.21E-03  9.33E+02  3.84E+05  
     670   8.6533499209E-02  -4.5604888443E-01  5.16E+00  8.55E-05  9.67E-05  1.77E-08  1.21E-03  9.33E+02  3.84E+05  
     680   8.4989929742E-02  -4.5635094740E-01  5.17E+00  8.04E-05  4.43E-05  1.67E-08  5.90E-04  9.33E+02  3.84E+05  
     690   8.4021578527E-02  -4.5644722774E-01  5.17E+00  7.75E-05  5.09E-04  1.60E-08  7.04E-03  9.33E+02  3.84E+05  
     700   8.1982162423E-02  -4.5654127129E-01  5.18E+00  7.16E-05  1.15E-04  1.48E-08  1.73E-03  9.33E+02  3.84E+05  
     710   7.9620321886E-02  -4.5647763180E-01  5.18E+00  6.50E-05  2.52E-04  1.34E-08  4.15E-03  9.33E+02  3.84E+05  
     720   7.8067985244E-02  -4.5635448399E-01  5.19E+00  6.09E-05  7.64E-04  1.26E-08  1.34E-02  9.33E+02  3.84E+05  
     730   7.7008980737E-02  -4.5624715101E-01  5.19E+00  5.81E-05  7.05E-05  1.20E-08  1.30E-03  9.33E+02  3.84E+05  
     740   7.5283864660E-02  -4.5601932060E-01  5.19E+00  5.38E-05  5.58E-04  1.11E-08  1.11E-02  9.33E+02  3.84E+05  
     750   7.3513329117E-02  -4.5575621785E-01  5.19E+00  4.94E-05  5.40E-05  1.02E-08  1.17E-03  9.33E+02  4.18E+05  
     760   7.2500021574E-02  -4.5559497911E-01  5.20E+00  4.70E-05  5.75E-05  9.69E-09  1.31E-03  9.33E+02  4.18E+05  
     770   7.1126820718E-02  -4.5536947625E-01  5.20E+00  4.38E-05  1.79E-04  9.03E-09  4.38E-03  9.33E+02  4.18E+05  
     780   7.0056933313E-02  -4.5518895793E-01  5.20E+00  4.13E-05  2.10E-04  8.51E-09  5.45E-03  9.33E+02  4.18E+05  
     790   6.8692613468E-02  -4.5494939848E-01  5.20E+00  3.82E-05  3.87E-04  7.87E-09  1.09E-02  9.33E+02  4.18E+05  
     800   6.7126260321E-02  -4.5466068299E-01  5.20E+00  3.47E-05  1.11E-05  7.15E-09  3.42E-04  9.33E+02  4.18E+05  
     810   6.6270725367E-02  -4.5449925757E-01  5.20E+00  3.28E-05  8.05E-05  6.76E-09  2.63E-03  9.33E+02  4.18E+05  
     820   6.5018718119E-02  -4.5426296240E-01  5.21E+00  3.00E-05  1.21E-04  6.17E-09  4.32E-03  9.33E+02  4.18E+05  
     830   6.4112913518E-02  -4.5409551070E-01  5.21E+00  2.79E-05  6.35E-05  5.74E-09  2.44E-03  9.33E+02  4.18E+05  
     840   6.3068551615E-02  -4.5390718290E-01  5.21E+00  2.56E-05  4.36E-05  5.26E-09  1.83E-03  9.33E+02  4.18E+05  
     850   6.2639608284E-02  -4.5383080213E-01  5.21E+00  2.46E-05  9.40E-04  5.06E-09  4.10E-02  9.33E+02  4.18E+05  
     860   6.2160585810E-02  -4.5374525012E-01  5.21E+00  2.35E-05  2.07E-04  4.84E-09  9.41E-03  9.33E+02  4.18E+05  
     870   6.1329257078E-02  -4.5359482450E-01  5.21E+00  2.17E-05  7.53E-05  4.45E-09  3.73E-03  9.33E+02  4.18E+05  
     880   6.0757719898E-02  -4.5349160017E-01  5.21E+00  2.04E-05  1.94E-05  4.18E-09  1.02E-03  9.33E+02  4.18E+05  
     890   6.0058728479E-02  -4.5337046432E-01  5.21E+00  1.88E-05  2.25E-05  3.87E-09  1.28E-03  9.33E+02  4.18E+05  
     900   5.9657658820E-02  -4.5330228350E-01  5.21E+00  1.79E-05  4.41E-05  3.69E-09  2.63E-03  9.33E+02  4.18E+05  
     909   5.9204857493E-02  -4.5322619074E-01  5.21E+00  1.69E-05  1.10E-05  3.48E-09  6.94E-04  9.33E+02  4.03E+05  

     910   5.9137723403E-02  -4.5321492354E-01  5.21E+00  1.68E-05  7.79E-06  3.45E-09  4.97E-04  9.33E+02  4.18E+05  
     911   5.9103275310E-02  -4.5320912997E-01  5.21E+00  1.67E-05  8.39E-05  3.44E-09  5.38E-03  9.33E+02  4.03E+05  
     912   5.9064672835E-02  -4.5320263486E-01  5.21E+00  1.66E-05  1.56E-04  3.42E-09  1.00E-02  9.33E+02  4.18E+05  
     913   5.9063229305E-02  -4.5320239162E-01  5.21E+00  1.66E-05  1.40E-04  3.42E-09  9.02E-03  9.33E+02  4.03E+05  
     914   5.9052285308E-02  -4.5320054440E-01  5.21E+00  1.66E-05  3.25E-04  3.42E-09  2.09E-02  9.33E+02  4.18E+05  
     915   5.9040990914E-02  -4.5319863731E-01  5.21E+00  1.66E-05  1.09E-05  3.41E-09  7.06E-04  9.33E+02  4.03E+05  
     916   5.9032680220E-02  -4.5319721547E-01  5.21E+00  1.66E-05  6.12E-05  3.41E-09  3.95E-03  9.33E+02  4.18E+05  
     917   5.9026574111E-02  -4.5319616814E-01  5.21E+00  1.66E-05  8.68E-05  3.40E-09  5.61E-03  9.33E+02  4.03E+05  
     918   5.8812391007E-02  -4.5315938264E-01  5.21E+00  1.61E-05  9.29E-06  3.31E-09  6.18E-04  9.33E+02  4.18E+05  
     919   5.8767378275E-02  -4.5315170038E-01  5.21E+00  1.60E-05  2.73E-05  3.29E-09  1.82E-03  9.33E+02  4.03E+05  

     920   5.8723935106E-02  -4.5314431198E-01  5.21E+00  1.59E-05  5.97E-05  3.27E-09  4.02E-03  9.33E+02  4.18E+05  

 Exit  MINRES-QLP.       istop =  8              itn    =     920
 Exit  MINRES-QLP.       Anorm =  9.3313E+02     Acond  =  4.1754E+05
 Exit  MINRES-QLP.       rnorm =  1.5914E-05     Arnorm =  5.9672E-05
 Exit  MINRES-QLP.       xnorm =  5.2121E+00
 Exit  MINRES-QLP.       The iteration limit was reached.                                 
